player,player_id,team_id,league_id,season_id,position_1,position_2,position_3,Aerial Duels Score,Ball Carrying Score,Ball Retention Score,Ball Winning Score,Box Defending Score,Box Movement Score,Buildup Passing Score,Creativity Score,Crossing Score,Defensive Awareness Score,Dribbling Score,Finishing Score,Forward Linkup Play Score,Foul Winning Ability Score,Goalkeeper Aggressiveness Score,Goalkeeper Passing Ability Score,Goalkeeper Shot Stopping Score,Penalties Score,Set Pieces Score,GK Overall Score,CB Overall Score,FB Overall Score,CM Overall Score,AM Overall Score,Winger Overall Score,Striker Overall Score,Overall Score
Sebastiano Desplanches,591035,3157,524,187528,,,,,,,,,,,,,,,,,,,,,,,0.0,0.0,0.0,0.0,0.0,0.0,0.0,
Andreas Kristoffer Jungdal,519666,3157,524,187528,,,,,,,,,,,,,,,,,,,,,,,0.0,0.0,0.0,0.0,0.0,0.0,0.0,
Zlatan Ibrahimovi?,20420,3157,524,187528,Striker,,,85.0,40.0,32.0,10.0,36.0,99.0,27.0,65.0,46.0,7.0,26.0,90.0,99.0,31.0,,,,70.0,74.0,0.0,31.0,38.0,32.0,70.0,54.0,90.0,88
Simon Thorup Kjær,20433,3157,524,187528,Right Centre Back,,,71.0,9.0,78.0,79.0,98.0,51.0,79.0,13.0,23.0,68.0,3.0,10.0,12.0,26.0,,,,60.0,0.0,0.0,75.0,34.0,63.0,24.0,11.0,24.0,81
Ante Rebi?,69616,3157,524,187528,Striker,Left Attacking Midfielder,,27.0,80.0,11.0,14.0,8.0,70.0,24.0,100.0,86.0,27.0,98.0,67.0,95.0,26.0,,,,60.0,0.0,0.0,22.0,70.0,30.0,78.0,86.0,76.0,92
Anton Ciprian T?t?ru?anu,83574,3157,524,187528,Goalkeeper,,,,,,,,,,,,,,,,,51.0,88.0,79.0,,,73.0,0.0,0.0,0.0,0.0,0.0,0.0,73
Samuel  Castillejo Azuaga,134174,3157,524,187528,Right Attacking Midfielder,Right Winger,,,,,,,,,,,,,,,,,,,,,0.0,0.0,0.0,0.0,0.0,0.0,0.0,
Alessio Romagnoli,146588,3157,524,187528,Left Centre Back,,,96.0,13.0,91.0,46.0,84.0,49.0,87.0,8.0,8.0,63.0,1.0,44.0,16.0,44.0,,,,60.0,0.0,0.0,72.0,26.0,64.0,30.0,15.0,36.0,84
Rade Kruni?,254493,3157,524,187528,Attacking Midfielder,Left Defensive Midfielder,Left Attacking Midfielder,57.0,34.0,61.0,69.0,37.0,33.0,32.0,57.0,6.0,53.0,52.0,9.0,61.0,80.0,,,,60.0,55.0,0.0,52.0,24.0,55.0,40.0,39.0,38.0,66
Davide Calabria,257028,3157,524,187528,Right Back,,,17.0,51.0,46.0,83.0,45.0,58.0,77.0,40.0,81.0,83.0,39.0,35.0,13.0,55.0,,,,60.0,40.0,0.0,60.0,75.0,58.0,46.0,43.0,36.0,76
Franck Yannick Kessié,285109,3157,524,187528,Left Defensive Midfielder,Attacking Midfielder,,49.0,43.0,86.0,77.0,56.0,62.0,71.0,45.0,33.0,67.0,46.0,66.0,50.0,57.0,,,,95.0,0.0,0.0,65.0,45.0,71.0,54.0,48.0,58.0,73
Fikayo Tomori,291591,3157,524,187528,Left Centre Back,Right Centre Back,,66.0,21.0,77.0,79.0,87.0,41.0,76.0,3.0,4.0,69.0,23.0,0.0,27.0,6.0,,,,60.0,0.0,0.0,73.0,24.0,61.0,16.0,15.0,23.0,78
Ismael Bennacer,328702,3157,524,187528,Right Defensive Midfielder,Left Defensive Midfielder,,25.0,47.0,80.0,95.0,35.0,21.0,93.0,72.0,67.0,87.0,70.0,65.0,31.0,92.0,,,,60.0,81.0,0.0,67.0,72.0,81.0,60.0,61.0,43.0,89
Theo Hernández,344132,3157,524,187528,Left Back,,,58.0,97.0,52.0,81.0,37.0,44.0,66.0,81.0,75.0,66.0,70.0,70.0,24.0,94.0,,,,92.0,84.0,0.0,62.0,75.0,69.0,73.0,70.0,50.0,86
Rafael Alexandre Conceição Leão,399654,3157,524,187528,Left Attacking Midfielder,,,42.0,99.0,35.0,22.0,15.0,84.0,28.0,89.0,78.0,17.0,84.0,85.0,93.0,63.0,,,,60.0,9.0,0.0,28.0,65.0,44.0,84.0,86.0,85.0,90
Brahim Abdelkader Diaz,404397,3157,524,187528,Attacking Midfielder,,,1.0,87.0,63.0,59.0,5.0,82.0,38.0,72.0,68.0,30.0,48.0,44.0,61.0,65.0,,,,60.0,47.0,0.0,32.0,60.0,60.0,67.0,61.0,60.0,75
Matteo Gabbia,405603,3157,524,187528,Left Centre Back,Right Centre Back,,,,,,,,,,,,,,,,,,,,,0.0,0.0,0.0,0.0,0.0,0.0,0.0,
Alexis Saelemaekers,475011,3157,524,187528,Right Attacking Midfielder,,,25.0,80.0,38.0,31.0,5.0,50.0,37.0,80.0,80.0,25.0,84.0,24.0,85.0,76.0,,,,60.0,33.0,0.0,27.0,66.0,46.0,61.0,74.0,55.0,82
Sandro Tonali,518231,3157,524,187528,Right Defensive Midfielder,Left Defensive Midfielder,,31.0,44.0,72.0,62.0,45.0,59.0,78.0,73.0,82.0,63.0,68.0,75.0,13.0,84.0,,,,60.0,88.0,0.0,55.0,74.0,69.0,68.0,61.0,51.0,78
Daniel Maldini,558720,3157,524,187528,Attacking Midfielder,,,,,,,,,,,,,,,,,,,,,,0.0,0.0,0.0,0.0,0.0,0.0,0.0,
Pierre Kalulu Kyatengwa,582906,3157,524,187528,Right Centre Back,Right Back,,36.0,38.0,79.0,91.0,75.0,19.0,71.0,18.0,60.0,82.0,12.0,42.0,10.0,3.0,,,,60.0,0.0,0.0,71.0,59.0,65.0,27.0,27.0,23.0,80
Antonio Mirante,20483,3157,524,187528,,,,,,,,,,,,,,,,,,,,,,,0.0,0.0,0.0,0.0,0.0,0.0,0.0,
Andrea Conti,134419,3157,524,187528,Right Back (5 at the back),Right Back,Right Winger,,,,,,,,,,,,,,,,,,,,0.0,0.0,0.0,0.0,0.0,0.0,0.0,
Tiemoué Bakayoko,28291,3157,524,187528,Left Defensive Midfielder,Right Defensive Midfielder,,,,,,,,,,,,,,,,,,,,,0.0,0.0,0.0,0.0,0.0,0.0,0.0,
Junior Walter Messias,518166,3157,524,187528,Right Attacking Midfielder,Right Winger,,56.0,88.0,21.0,55.0,26.0,73.0,34.0,64.0,52.0,45.0,71.0,83.0,79.0,62.0,,,,60.0,44.0,0.0,44.0,53.0,43.0,70.0,73.0,76.0,79
Alessandro Plizzari,423148,3157,524,187528,,,,,,,,,,,,,,,,,,,,,,,0.0,0.0,0.0,0.0,0.0,0.0,0.0,
Fodé  Ballo-Touré,286917,3157,524,187528,Left Back,,,,,,,,,,,,,,,,,,,,,,0.0,0.0,0.0,0.0,0.0,0.0,0.0,
Pietro Pellegri,481329,3157,524,187528,Striker,,,,,,,,,,,,,,,,,,,,,,0.0,0.0,0.0,0.0,0.0,0.0,0.0,
Alessandro  Florenzi,22566,3157,524,187528,Right Back,Right Attacking Midfielder,Left Back,46.0,55.0,49.0,60.0,49.0,36.0,87.0,56.0,95.0,72.0,44.0,71.0,54.0,25.0,,,,60.0,73.0,0.0,60.0,83.0,58.0,55.0,59.0,52.0,77
Mike Maignan,134496,3157,524,187528,Goalkeeper,,,,,,,,,,,,,,,,,68.0,85.0,95.0,,,83.0,0.0,0.0,0.0,0.0,0.0,0.0,83
Olivier Giroud,26010,3157,524,187528,Striker,,,84.0,4.0,12.0,37.0,50.0,97.0,2.0,53.0,29.0,26.0,45.0,69.0,89.0,47.0,,,,97.0,43.0,0.0,38.0,26.0,21.0,57.0,47.0,81.0,78
Cristian Volpato,669931,3158,524,187528,Attacking Midfielder,Right Attacking Midfielder,,,,,,,,,,,,,,,,,,,,,0.0,0.0,0.0,0.0,0.0,0.0,0.0,
Filippo Missori,624184,3158,524,187528,,,,,,,,,,,,,,,,,,,,,,,0.0,0.0,0.0,0.0,0.0,0.0,0.0,
Chris Smalling,7922,3158,524,187528,Centre Back,Right Centre Back,,89.0,1.0,84.0,80.0,91.0,46.0,48.0,7.0,0.0,69.0,24.0,71.0,10.0,34.0,,,,60.0,0.0,0.0,75.0,18.0,59.0,30.0,21.0,41.0,83
Bryan Cristante,20404,3158,524,187528,Right Centre Midfielder,Right Defensive Midfielder,Defensive Midfielder,89.0,25.0,62.0,89.0,52.0,43.0,93.0,28.0,60.0,78.0,47.0,42.0,19.0,12.0,,,,60.0,0.0,0.0,75.0,60.0,64.0,37.0,38.0,36.0,82
Stephan El Shaarawy,20418,3158,524,187528,Left Wingback,Left Attacking Midfielder,Left Winger,60.0,98.0,65.0,21.0,36.0,71.0,52.0,97.0,66.0,25.0,66.0,73.0,81.0,44.0,,,,60.0,43.0,0.0,41.0,63.0,59.0,82.0,75.0,74.0,84
Jordan Veretout,25541,3158,524,187528,Left Defensive Midfielder,Left Centre Midfielder,Right Centre Midfielder,43.0,64.0,83.0,53.0,28.0,57.0,81.0,65.0,32.0,32.0,31.0,57.0,42.0,47.0,,,,92.0,87.0,0.0,47.0,42.0,71.0,61.0,45.0,51.0,70
Henrikh Mkhitaryan,105338,3158,524,187528,Attacking Midfielder,Left Centre Midfielder,Left Attacking Midfielder,36.0,81.0,72.0,53.0,26.0,57.0,56.0,81.0,51.0,60.0,61.0,71.0,66.0,80.0,,,,60.0,56.0,0.0,50.0,59.0,67.0,72.0,67.0,65.0,77
Rick Karsdorp,289122,3158,524,187528,Right Wingback,Right Back,,10.0,38.0,43.0,50.0,38.0,11.0,77.0,79.0,90.0,40.0,19.0,18.0,19.0,16.0,,,,60.0,36.0,0.0,40.0,74.0,51.0,46.0,36.0,19.0,68
Lorenzo Pellegrini,328333,3158,524,187528,Attacking Midfielder,Striker,,51.0,75.0,25.0,12.0,23.0,67.0,53.0,91.0,56.0,21.0,50.0,78.0,78.0,83.0,,,,95.0,96.0,0.0,30.0,54.0,42.0,79.0,67.0,74.0,81
Carles Pérez Sayol,344053,3158,524,187528,Right Centre Midfielder,Right Attacking Midfielder,Right Wing Forward,,,,,,,,,,,,,,,,,,,,0.0,0.0,0.0,0.0,0.0,0.0,0.0,
Borja Mayoral Moya,344120,3158,524,187528,Striker,,,,,,,,,,,,,,,,,,,,,,0.0,0.0,0.0,0.0,0.0,0.0,0.0,
Gianluca Mancini,346913,3158,524,187528,Right Centre Back (3 at the back),Right Centre Back,,86.0,37.0,70.0,85.0,73.0,54.0,83.0,18.0,47.0,56.0,38.0,1.0,11.0,15.0,,,,60.0,36.0,0.0,72.0,48.0,65.0,28.0,27.0,24.0,79
Gonzalo Villar del Fraile,357981,3158,524,187528,,,,,,,,,,,,,,,,,,,,,,,0.0,0.0,0.0,0.0,0.0,0.0,0.0,
Amadou Diawara,374013,3158,524,187528,Defensive Midfielder,,,,,,,,,,,,,,,,,,,,,,0.0,0.0,0.0,0.0,0.0,0.0,0.0,
Marash Kumbulla,404693,3158,524,187528,Left Centre Back (3 at the back),Centre Back,Left Centre Back,69.0,31.0,77.0,92.0,81.0,57.0,55.0,3.0,9.0,52.0,25.0,6.0,11.0,41.0,,,,60.0,0.0,0.0,68.0,22.0,62.0,22.0,18.0,25.0,75
Nicolò Zaniolo,487020,3158,524,187528,Striker,Right Attacking Midfielder,,43.0,96.0,26.0,21.0,6.0,64.0,15.0,77.0,38.0,18.0,66.0,34.0,86.0,90.0,,,,60.0,48.0,0.0,25.0,41.0,38.0,65.0,66.0,63.0,83
Roger Ibañez da Silva,492664,3158,524,187528,Left Centre Back (3 at the back),Left Centre Back,,84.0,48.0,68.0,79.0,65.0,46.0,65.0,16.0,4.0,72.0,38.0,59.0,15.0,68.0,,,,60.0,0.0,0.0,72.0,27.0,63.0,39.0,34.0,41.0,74
Bryan Reynolds,494536,3158,524,187528,Right Back,,,,,,,,,,,,,,,,,,,,,,0.0,0.0,0.0,0.0,0.0,0.0,0.0,
Daniel Cerantola Fuzato,518225,3158,524,187528,,,,,,,,,,,,,,,,,,,,,,,0.0,0.0,0.0,0.0,0.0,0.0,0.0,
Riccardo Calafiori,542200,3158,524,187528,Left Back,,,,,,,,,,,,,,,,,,,,,,0.0,0.0,0.0,0.0,0.0,0.0,0.0,
Eldor Shomurodov,332892,3158,524,187528,Striker,Left Attacking Midfielder,,47.0,75.0,11.0,13.0,13.0,96.0,11.0,86.0,57.0,20.0,56.0,54.0,87.0,18.0,,,,60.0,0.0,0.0,23.0,50.0,25.0,73.0,64.0,76.0,80
Nicola Zalewski,563315,3158,524,187528,Left Wingback,Left Back,,3.0,96.0,23.0,86.0,26.0,29.0,54.0,56.0,48.0,83.0,85.0,17.0,48.0,86.0,,,,60.0,36.0,0.0,53.0,60.0,53.0,49.0,64.0,35.0,87
Pietro Boer,594331,3158,524,187528,,,,,,,,,,,,,,,,,,,,,,,0.0,0.0,0.0,0.0,0.0,0.0,0.0,
Ebrima  Darboe,600085,3158,524,187528,Left Defensive Midfielder,,,,,,,,,,,,,,,,,,,,,,0.0,0.0,0.0,0.0,0.0,0.0,0.0,
Edoardo Bove,601304,3158,524,187528,Right Centre Midfielder,,,,,,,,,,,,,,,,,,,,,,0.0,0.0,0.0,0.0,0.0,0.0,0.0,
Filippo Tripi,601310,3158,524,187528,,,,,,,,,,,,,,,,,,,,,,,0.0,0.0,0.0,0.0,0.0,0.0,0.0,
Maissa Ndiaye Codou,644838,3158,524,187528,,,,,,,,,,,,,,,,,,,,,,,0.0,0.0,0.0,0.0,0.0,0.0,0.0,
Tammy Abraham,343951,3158,524,187528,Striker,,,50.0,36.0,24.0,26.0,44.0,99.0,6.0,63.0,26.0,21.0,48.0,60.0,84.0,62.0,,,,97.0,43.0,0.0,31.0,28.0,28.0,63.0,52.0,77.0,74
Rui Pedro dos Santos Patrício,70134,3158,524,187528,Goalkeeper,,,,,,,,,,,,,,,,,55.0,78.0,66.0,,,66.0,0.0,0.0,0.0,0.0,0.0,0.0,66
Matías Nicolás Viña Susperreguy,487006,3158,524,187528,Left Back,Left Wingback,Left Back (5 at the back),41.0,71.0,22.0,57.0,56.0,20.0,51.0,50.0,53.0,69.0,43.0,13.0,22.0,50.0,,,,60.0,19.0,0.0,54.0,57.0,43.0,39.0,42.0,22.0,61
Felix Ohene Afena-Gyan,736016,3158,524,187528,Striker,Left Attacking Midfielder,Left Wing Forward,,,,,,,,,,,,,,,,,,,,0.0,0.0,0.0,0.0,0.0,0.0,0.0,
Koni De Winter,549480,3159,524,187528,,,,,,,,,,,,,,,,,,,,,,,0.0,0.0,0.0,0.0,0.0,0.0,0.0,
Matías Soulé Malvano,590733,3159,524,187528,Right Winger,,,,,,,,,,,,,,,,,,,,,,0.0,0.0,0.0,0.0,0.0,0.0,0.0,
Fabio Miretti,609117,3159,524,187528,Right Centre Midfielder,Right Winger,,,,,,,,,,,,,,,,,,,,,0.0,0.0,0.0,0.0,0.0,0.0,0.0,
Cristiano Ronaldo dos Santos Aveiro,3322,3159,524,187528,Striker,,,,,,,,,,,,,,,,,,,,,,0.0,0.0,0.0,0.0,0.0,0.0,0.0,
Álvaro Borja Morata Martín,3324,3159,524,187528,Striker,,,57.0,81.0,31.0,23.0,20.0,94.0,13.0,76.0,70.0,23.0,68.0,71.0,94.0,98.0,,,,94.0,37.0,0.0,31.0,58.0,39.0,76.0,76.0,85.0,89
Wojciech  Szcz?sny,7849,3159,524,187528,Goalkeeper,,,,,,,,,,,,,,,,,77.0,79.0,75.0,,,77.0,0.0,0.0,0.0,0.0,0.0,0.0,77
Aaron Ramsey,7870,3159,524,187528,Left Centre Midfielder,Right Centre Midfielder,,,,,,,,,,,,,,,,,,,,,0.0,0.0,0.0,0.0,0.0,0.0,0.0,
Leonardo Bonucci,20459,3159,524,187528,Right Centre Back,Centre Back,Left Centre Back,73.0,3.0,85.0,50.0,89.0,67.0,91.0,22.0,0.0,58.0,16.0,35.0,12.0,10.0,,,,99.0,0.0,0.0,67.0,21.0,62.0,35.0,14.0,37.0,81
Giorgio Chiellini,20461,3159,524,187528,Left Centre Back,Left Centre Back (3 at the back),,88.0,66.0,71.0,64.0,99.0,42.0,94.0,18.0,0.0,77.0,4.0,7.0,5.0,72.0,,,,60.0,0.0,0.0,81.0,30.0,69.0,32.0,17.0,21.0,86
Juan Guillermo Cuadrado Bello,20751,3159,524,187528,Right Back,Right Winger,,58.0,85.0,87.0,61.0,39.0,36.0,91.0,84.0,96.0,54.0,71.0,73.0,61.0,84.0,,,,60.0,86.0,0.0,61.0,86.0,82.0,73.0,77.0,59.0,89
Carlo Pinsoglio,21128,3159,524,187528,Goalkeeper,,,,,,,,,,,,,,,,,,,,,,0.0,0.0,0.0,0.0,0.0,0.0,0.0,0
Danilo Luiz da Silva,70083,3159,524,187528,Right Back,,,87.0,19.0,68.0,75.0,81.0,33.0,92.0,53.0,56.0,73.0,42.0,37.0,11.0,22.0,,,,60.0,45.0,0.0,76.0,59.0,66.0,43.0,35.0,30.0,82
Alex Sandro Lobo Silva,70084,3159,524,187528,Left Back,Left Wingback,,78.0,84.0,77.0,66.0,64.0,28.0,71.0,47.0,82.0,70.0,57.0,8.0,23.0,78.0,,,,60.0,0.0,0.0,71.0,76.0,72.0,42.0,53.0,26.0,80
Paulo Bruno Exequiel Dybala,89186,3159,524,187528,Striker,Attacking Midfielder,Right Wing Forward,14.0,81.0,76.0,20.0,1.0,70.0,52.0,82.0,76.0,15.0,61.0,90.0,89.0,91.0,,,,93.0,93.0,0.0,25.0,64.0,62.0,79.0,77.0,80.0,87
Adrien Rabiot,209117,3159,524,187528,Left Winger,Left Centre Midfielder,,81.0,69.0,53.0,81.0,65.0,45.0,41.0,46.0,64.0,80.0,61.0,3.0,51.0,43.0,,,,60.0,0.0,0.0,72.0,64.0,57.0,40.0,51.0,36.0,75
Federico Bernardeschi,246061,3159,524,187528,Right Winger,Left Winger,Left Attacking Midfielder,32.0,85.0,45.0,32.0,45.0,43.0,32.0,76.0,55.0,34.0,66.0,41.0,68.0,74.0,,,,60.0,54.0,0.0,38.0,54.0,48.0,61.0,65.0,53.0,74
Arthur Henrique Ramos de Oliveira Melo,255256,3159,524,187528,Left Centre Midfielder,Defensive Midfielder,Right Centre Midfielder,18.0,24.0,87.0,55.0,30.0,12.0,80.0,23.0,0.0,61.0,65.0,17.0,3.0,97.0,,,,60.0,0.0,0.0,49.0,23.0,67.0,27.0,32.0,16.0,78
Rodrigo Bentancur Colmán,361807,3159,524,187528,Right Centre Midfielder,Left Centre Midfielder,,72.0,45.0,73.0,86.0,62.0,7.0,77.0,32.0,0.0,83.0,38.0,18.0,9.0,20.0,,,,60.0,0.0,0.0,75.0,29.0,67.0,28.0,25.0,15.0,78
Matthijs de Ligt,365443,3159,524,187528,Right Centre Back,Left Centre Back,,91.0,8.0,79.0,80.0,84.0,52.0,72.0,16.0,8.0,61.0,32.0,61.0,18.0,18.0,,,,60.0,0.0,0.0,74.0,24.0,62.0,35.0,25.0,43.0,81
Federico Chiesa,447804,3159,524,187528,Right Winger,Left Winger,Striker,6.0,89.0,49.0,54.0,13.0,66.0,21.0,77.0,84.0,45.0,65.0,66.0,71.0,77.0,,,,60.0,39.0,0.0,34.0,71.0,52.0,70.0,74.0,66.0,80
Weston  McKennie,471348,3159,524,187528,Right Centre Midfielder,Left Winger,,61.0,52.0,43.0,43.0,57.0,64.0,26.0,39.0,77.0,46.0,27.0,72.0,64.0,4.0,,,,60.0,0.0,0.0,48.0,61.0,38.0,49.0,50.0,62.0,68
Dejan Kulusevski,472363,3159,524,187528,Right Winger,Striker,Right Attacking Midfielder,38.0,86.0,42.0,30.0,7.0,78.0,15.0,71.0,58.0,30.0,58.0,40.0,86.0,40.0,,,,60.0,0.0,0.0,30.0,53.0,41.0,63.0,64.0,66.0,76
Nicolò Fagioli,532465,3159,524,187528,,,,,,,,,,,,,,,,,,,,,,,0.0,0.0,0.0,0.0,0.0,0.0,0.0,
Daniele Rugani,134427,3159,524,187528,Left Centre Back,Right Centre Back,,66.0,18.0,75.0,64.0,85.0,14.0,64.0,0.0,0.0,65.0,3.0,17.0,8.0,0.0,,,,60.0,0.0,0.0,67.0,19.0,54.0,12.0,7.0,13.0,71
Mattia Perin,21468,3159,524,187528,Goalkeeper,,,,,,,,,,,,,,,,,,,,,,0.0,0.0,0.0,0.0,0.0,0.0,0.0,0
Luca Pellegrini,397239,3159,524,187528,Left Back,,,41.0,58.0,32.0,78.0,48.0,18.0,59.0,65.0,76.0,55.0,69.0,15.0,4.0,76.0,,,,60.0,61.0,0.0,54.0,68.0,54.0,45.0,51.0,20.0,73
Manuel Locatelli,286226,3159,524,187528,Left Centre Midfielder,Defensive Midfielder,Right Centre Midfielder,58.0,16.0,88.0,59.0,75.0,48.0,93.0,53.0,41.0,68.0,42.0,68.0,14.0,46.0,,,,60.0,22.0,0.0,68.0,49.0,71.0,53.0,39.0,44.0,78
Franco Israel Wibmer,493039,3159,524,187528,,,,,,,,,,,,,,,,,,,,,,,0.0,0.0,0.0,0.0,0.0,0.0,0.0,
Filippo Ranocchia,530940,3159,524,187528,,,,,,,,,,,,,,,,,,,,,,,0.0,0.0,0.0,0.0,0.0,0.0,0.0,
Mattia De Sciglio,20395,3159,524,187528,Left Back,Right Back,,56.0,55.0,55.0,46.0,41.0,14.0,70.0,85.0,100.0,60.0,73.0,52.0,18.0,16.0,,,,60.0,12.0,0.0,54.0,85.0,57.0,58.0,62.0,33.0,78
Moise Bioty Kean,410031,3159,524,187528,Striker,Left Wing Forward,,69.0,66.0,30.0,18.0,10.0,96.0,2.0,14.0,37.0,31.0,43.0,79.0,82.0,50.0,,,,60.0,0.0,0.0,31.0,33.0,26.0,49.0,55.0,79.0,78
Kaio Jorge Pinto Ramos,547507,3159,524,187528,Striker,,,,,,,,,,,,,,,,,,,,,,0.0,0.0,0.0,0.0,0.0,0.0,0.0,
Mattia  Zanotti,633795,3161,524,187528,Right Wingback,,,,,,,,,,,,,,,,,,,,,,0.0,0.0,0.0,0.0,0.0,0.0,0.0,
Martin Adrian Satriano Costa,595134,3161,524,187528,Striker,,,,,,,,,,,,,,,,,,,,,,0.0,0.0,0.0,0.0,0.0,0.0,0.0,
Fabio Cortinovis,613231,3161,524,187528,,,,,,,,,,,,,,,,,,,,,,,0.0,0.0,0.0,0.0,0.0,0.0,0.0,
Mattia Sangalli,613292,3161,524,187528,,,,,,,,,,,,,,,,,,,,,,,0.0,0.0,0.0,0.0,0.0,0.0,0.0,
Franco Ezequiel Carboni,634043,3161,524,187528,,,,,,,,,,,,,,,,,,,,,,,0.0,0.0,0.0,0.0,0.0,0.0,0.0,
Hakan Çalhano?lu,15524,3161,524,187528,Left Centre Midfielder,,,24.0,58.0,80.0,34.0,24.0,48.0,88.0,94.0,79.0,33.0,49.0,64.0,52.0,48.0,,,,98.0,91.0,0.0,40.0,71.0,69.0,73.0,61.0,55.0,81
Edin Deko,8327,3161,524,187528,Striker,,,85.0,50.0,31.0,27.0,41.0,96.0,26.0,77.0,54.0,17.0,46.0,77.0,97.0,62.0,,,,60.0,0.0,0.0,38.0,46.0,38.0,74.0,63.0,87.0,86
Stefan de Vrij,130,3161,524,187528,Centre Back,,,83.0,35.0,95.0,79.0,65.0,52.0,63.0,4.0,0.0,68.0,41.0,2.0,12.0,1.0,,,,60.0,0.0,0.0,72.0,22.0,67.0,20.0,20.0,23.0,78
Alexis Alejandro Sánchez Sánchez,3361,3161,524,187528,Striker,Attacking Midfielder,,44.0,45.0,57.0,19.0,0.0,96.0,51.0,92.0,78.0,3.0,100.0,83.0,100.0,84.0,,,,60.0,87.0,0.0,23.0,60.0,52.0,84.0,85.0,92.0,94
Aleksandar Kolarov,8306,3161,524,187528,Left Centre Back (3 at the back),,,,,,,,,,,,,,,,,,,,,,0.0,0.0,0.0,0.0,0.0,0.0,0.0,
Ivan Perii?,14812,3161,524,187528,Left Wingback,,,75.0,86.0,19.0,35.0,53.0,62.0,55.0,87.0,98.0,64.0,91.0,85.0,66.0,2.0,,,,93.0,7.0,0.0,55.0,86.0,41.0,76.0,83.0,71.0,89
Arturo Erasmo Vidal Pardo,20475,3161,524,187528,Right Centre Midfielder,Left Centre Midfielder,,69.0,38.0,94.0,68.0,60.0,84.0,84.0,93.0,77.0,53.0,58.0,37.0,31.0,49.0,,,,60.0,35.0,0.0,65.0,71.0,79.0,72.0,53.0,53.0,86
Andrea Ranocchia,20519,3161,524,187528,Centre Back,,,,,,,,,,,,,,,,,,,,,,0.0,0.0,0.0,0.0,0.0,0.0,0.0,
Samir Handanovi?,20571,3161,524,187528,Goalkeeper,,,,,,,,,,,,,,,,,55.0,100.0,86.0,,,80.0,0.0,0.0,0.0,0.0,0.0,0.0,80
Danilo D'Ambrosio,21094,3161,524,187528,Right Centre Back (3 at the back),,,78.0,31.0,89.0,73.0,80.0,72.0,76.0,29.0,56.0,50.0,47.0,35.0,25.0,11.0,,,,60.0,0.0,0.0,69.0,52.0,68.0,41.0,38.0,44.0,79
Matteo Darmian,21095,3161,524,187528,Right Wingback,,,49.0,15.0,43.0,60.0,25.0,19.0,30.0,64.0,92.0,43.0,71.0,66.0,21.0,54.0,,,,60.0,0.0,0.0,42.0,68.0,44.0,49.0,56.0,39.0,71
Marcelo Brozovi?,69968,3161,524,187528,Defensive Midfielder,,,7.0,58.0,99.0,64.0,50.0,18.0,100.0,55.0,78.0,69.0,57.0,48.0,14.0,47.0,,,,60.0,42.0,0.0,59.0,74.0,80.0,49.0,52.0,29.0,82
Matías Vecino Falero,116349,3161,524,187528,Right Centre Midfielder,Defensive Midfielder,,,,,,,,,,,,,,,,,,,,,0.0,0.0,0.0,0.0,0.0,0.0,0.0,
Milan kriniar,138408,3161,524,187528,Right Centre Back (3 at the back),Centre Back,,58.0,36.0,91.0,77.0,79.0,57.0,63.0,19.0,7.0,62.0,45.0,51.0,17.0,30.0,,,,60.0,0.0,0.0,68.0,26.0,67.0,38.0,32.0,41.0,74
Roberto Gagliardini,241676,3161,524,187528,Left Centre Midfielder,Right Centre Midfielder,,,,,,,,,,,,,,,,,,,,,0.0,0.0,0.0,0.0,0.0,0.0,0.0,
Stefano Sensi,246063,3161,524,187528,Attacking Midfielder,Striker,Left Centre Midfielder,23.0,50.0,66.0,45.0,22.0,69.0,67.0,58.0,66.0,18.0,72.0,42.0,60.0,97.0,,,,60.0,10.0,0.0,34.0,55.0,61.0,59.0,62.0,58.0,74
Nicolò Barella,286223,3161,524,187528,Right Centre Midfielder,,,29.0,94.0,62.0,47.0,19.0,65.0,84.0,98.0,80.0,25.0,65.0,34.0,53.0,78.0,,,,60.0,7.0,0.0,40.0,73.0,70.0,76.0,68.0,53.0,87
Lautaro Javier Martínez,372255,3161,524,187528,Striker,,,35.0,43.0,31.0,21.0,12.0,100.0,5.0,67.0,40.0,23.0,55.0,83.0,93.0,83.0,,,,96.0,0.0,0.0,23.0,36.0,32.0,71.0,63.0,87.0,85
Ionu? Andrei Radu,380900,3161,524,187528,Goalkeeper,,,,,,,,,,,,,,,,,,,,,,0.0,0.0,0.0,0.0,0.0,0.0,0.0,0
Alessandro Bastoni,405597,3161,524,187528,Left Centre Back (3 at the back),,,77.0,53.0,92.0,82.0,80.0,8.0,92.0,47.0,38.0,62.0,28.0,41.0,6.0,47.0,,,,60.0,8.0,0.0,76.0,49.0,80.0,41.0,34.0,22.0,85
Carlos Joaquín Correa,207001,3161,524,187528,Striker,,,47.0,84.0,71.0,9.0,12.0,91.0,19.0,87.0,21.0,4.0,71.0,86.0,100.0,62.0,,,,60.0,8.0,0.0,24.0,29.0,52.0,82.0,73.0,89.0,90
Federico Dimarco,239291,3161,524,187528,Left Centre Back (3 at the back),Left Wingback,,35.0,72.0,68.0,40.0,31.0,60.0,89.0,89.0,80.0,51.0,53.0,50.0,29.0,45.0,,,,70.0,92.0,0.0,49.0,76.0,67.0,72.0,58.0,48.0,80
Alex Cordaz,21494,3161,524,187528,,,,,,,,,,,,,,,,,,,,,,,0.0,0.0,0.0,0.0,0.0,0.0,0.0,
Lucien Agoume,589805,3161,524,187528,,,,,,,,,,,,,,,,,,,,,,,0.0,0.0,0.0,0.0,0.0,0.0,0.0,
Denzel Dumfries,330003,3161,524,187528,Right Wingback,,,88.0,67.0,39.0,57.0,42.0,85.0,21.0,71.0,83.0,50.0,52.0,67.0,63.0,66.0,,,,60.0,0.0,0.0,54.0,69.0,47.0,69.0,65.0,71.0,79
Felipe  Anderson Pereira Gomes,40806,3162,524,187528,Right Wing Forward,Right Winger,,31.0,94.0,43.0,39.0,34.0,73.0,44.0,94.0,73.0,49.0,58.0,73.0,94.0,44.0,,,,60.0,43.0,0.0,43.0,70.0,52.0,80.0,75.0,77.0,86
Romano Floriani,631726,3162,524,187528,,,,,,,,,,,,,,,,,,,,,,,0.0,0.0,0.0,0.0,0.0,0.0,0.0,
Pedro Eliezer Rodríguez Ledesma,3360,3162,524,187528,Left Wing Forward,Right Wing Forward,Right Winger,5.0,95.0,66.0,20.0,18.0,81.0,37.0,74.0,38.0,12.0,81.0,95.0,91.0,81.0,,,,60.0,7.0,0.0,24.0,42.0,55.0,80.0,80.0,85.0,89
Luis Alberto Romero Alconchel,3484,3162,524,187528,Left Centre Midfielder,,,16.0,91.0,86.0,26.0,21.0,57.0,93.0,96.0,47.0,31.0,58.0,74.0,17.0,46.0,,,,60.0,85.0,0.0,39.0,57.0,74.0,81.0,60.0,51.0,88
Patricio Gabarrón Gil,4792,3162,524,187528,Right Centre Back,Left Centre Back,,47.0,5.0,93.0,37.0,82.0,26.0,66.0,23.0,0.0,33.0,32.0,43.0,5.0,12.0,,,,60.0,0.0,0.0,52.0,15.0,58.0,28.0,19.0,25.0,66
José Manuel  Reina Páez,7949,3162,524,187528,Goalkeeper,,,,,,,,,,,,,,,,,64.0,78.0,52.0,,,65.0,0.0,0.0,0.0,0.0,0.0,0.0,65
Lucas  Pezzini Leiva,7965,3162,524,187528,Defensive Midfielder,,,46.0,9.0,94.0,70.0,75.0,7.0,86.0,5.0,16.0,81.0,4.0,19.0,0.0,36.0,,,,60.0,47.0,0.0,70.0,33.0,68.0,14.0,10.0,10.0,81
?tefan Daniel Radu,20550,3162,524,187528,Left Back,Left Centre Back,,,,,,,,,,,,,,,,,,,,,0.0,0.0,0.0,0.0,0.0,0.0,0.0,
Francesco Acerbi,20635,3162,524,187528,Left Centre Back,,,84.0,48.0,100.0,56.0,90.0,64.0,90.0,9.0,0.0,70.0,31.0,73.0,10.0,23.0,,,,60.0,0.0,0.0,77.0,26.0,72.0,42.0,30.0,47.0,87
Ciro Immobile,21384,3162,524,187528,Striker,,,23.0,67.0,53.0,8.0,19.0,98.0,12.0,59.0,50.0,8.0,57.0,99.0,98.0,63.0,,,,98.0,0.0,0.0,19.0,41.0,39.0,73.0,70.0,92.0,85
Jean-Daniel Akpa Akpro,25792,3162,524,187528,Left Centre Midfielder,Right Centre Midfielder,,,,,,,,,,,,,,,,,,,,,0.0,0.0,0.0,0.0,0.0,0.0,0.0,
Thomas Strakosha,166534,3162,524,187528,Goalkeeper,,,,,,,,,,,,,,,,,69.0,77.0,71.0,,,72.0,0.0,0.0,0.0,0.0,0.0,0.0,72
Gonzalo Escalante,212644,3162,524,187528,Defensive Midfielder,,,,,,,,,,,,,,,,,,,,,,0.0,0.0,0.0,0.0,0.0,0.0,0.0,
Manuel Lazzari,226200,3162,524,187528,Right Back,,,18.0,96.0,47.0,54.0,40.0,30.0,40.0,69.0,59.0,49.0,73.0,73.0,25.0,95.0,,,,60.0,0.0,0.0,44.0,60.0,56.0,64.0,68.0,46.0,81
Adam Marui?,228928,3162,524,187528,Left Back,Right Back,,72.0,38.0,83.0,25.0,60.0,3.0,69.0,20.0,40.0,61.0,39.0,41.0,7.0,16.0,,,,60.0,0.0,0.0,58.0,44.0,56.0,26.0,32.0,20.0,69
Vedat Muriqi,251447,3162,524,187528,Striker,,,,,,,,,,,,,,,,,,,,,,0.0,0.0,0.0,0.0,0.0,0.0,0.0,
Danilo Cataldi,256478,3162,524,187528,Defensive Midfielder,,,34.0,9.0,85.0,34.0,59.0,8.0,95.0,61.0,52.0,47.0,51.0,44.0,0.0,55.0,,,,60.0,86.0,0.0,50.0,52.0,66.0,44.0,37.0,22.0,71
Sergej Milinkovi?-Savi?,265865,3162,524,187528,Right Centre Midfielder,,,79.0,53.0,59.0,48.0,49.0,60.0,81.0,81.0,54.0,46.0,30.0,91.0,53.0,52.0,,,,60.0,55.0,0.0,57.0,57.0,62.0,74.0,54.0,67.0,78
Luiz Felipe Ramos Marchi,376362,3162,524,187528,Right Centre Back,,,65.0,23.0,94.0,60.0,98.0,21.0,79.0,8.0,4.0,52.0,3.0,7.0,2.0,23.0,,,,60.0,0.0,0.0,68.0,22.0,66.0,16.0,8.0,12.0,79
Elseid Hysaj,21001,3162,524,187528,Left Back,Right Back,,36.0,22.0,78.0,49.0,49.0,19.0,71.0,31.0,69.0,48.0,26.0,43.0,9.0,39.0,,,,60.0,0.0,0.0,50.0,58.0,59.0,33.0,33.0,25.0,63
Marius Adamonis,286197,3162,524,187528,,,,,,,,,,,,,,,,,,,,,,,0.0,0.0,0.0,0.0,0.0,0.0,0.0,
André Anderson Pomilio Lima da Silva,412405,3162,524,187528,Right Centre Midfielder,Left Winger,Right Winger,,,,,,,,,,,,,,,,,,,,0.0,0.0,0.0,0.0,0.0,0.0,0.0,
Alessio Furlanetto,556078,3162,524,187528,,,,,,,,,,,,,,,,,,,,,,,0.0,0.0,0.0,0.0,0.0,0.0,0.0,
Raúl Moro Prescoli,605385,3162,524,187528,Left Wing Forward,,,,,,,,,,,,,,,,,,,,,,0.0,0.0,0.0,0.0,0.0,0.0,0.0,
Toma Bai?,337392,3162,524,187528,Left Centre Midfielder,,,52.0,44.0,64.0,37.0,62.0,61.0,27.0,28.0,15.0,43.0,36.0,6.0,23.0,12.0,,,,60.0,65.0,0.0,47.0,25.0,44.0,31.0,26.0,30.0,57
Luka Romero Bezzana,644114,3162,524,187528,Right Wing Forward,Right Winger,Left Wing Forward,,,,,,,,,,,,,,,,,,,,0.0,0.0,0.0,0.0,0.0,0.0,0.0,
Denis Vavro,262121,3162,524,187528,Right Centre Back,,,,,,,,,,,,,,,,,,,,,,0.0,0.0,0.0,0.0,0.0,0.0,0.0,
Patricio Nehuén Pérez,494337,3163,524,187528,Left Centre Back (3 at the back),Right Back,Right Centre Back (3 at the back),40.0,34.0,40.0,67.0,75.0,42.0,43.0,10.0,0.0,55.0,12.0,5.0,14.0,11.0,,,,60.0,0.0,0.0,55.0,18.0,41.0,20.0,13.0,20.0,56
Norberto Bercique Gomes Betuncal,580990,3163,524,187528,Striker,,,50.0,59.0,25.0,12.0,23.0,98.0,0.0,31.0,38.0,11.0,36.0,76.0,74.0,29.0,,,,60.0,0.0,0.0,22.0,31.0,22.0,54.0,50.0,76.0,71
Daniele Padelli,20572,3163,524,187528,Goalkeeper,,,,,,,,,,,,,,,,,,,,,,0.0,0.0,0.0,0.0,0.0,0.0,0.0,0
Bram Nuytinck,394,3163,524,187528,Centre Back,Left Centre Back (3 at the back),Left Centre Back,70.0,2.0,64.0,69.0,89.0,49.0,43.0,3.0,10.0,78.0,2.0,28.0,10.0,2.0,,,,60.0,0.0,0.0,69.0,24.0,46.0,19.0,8.0,27.0,74
Gerard Deulofeu Lázaro,3348,3163,524,187528,Striker,Left Winger,,0.0,98.0,31.0,2.0,8.0,71.0,37.0,94.0,44.0,7.0,63.0,96.0,91.0,46.0,,,,94.0,93.0,0.0,14.0,46.0,39.0,84.0,76.0,82.0,90
Tolgay Ali Arslan,14894,3163,524,187528,Right Centre Midfielder,,,14.0,68.0,60.0,67.0,44.0,25.0,53.0,26.0,37.0,62.0,57.0,42.0,18.0,90.0,,,,60.0,62.0,0.0,51.0,45.0,58.0,38.0,47.0,31.0,69
Mato Jajalo,15280,3163,524,187528,Defensive Midfielder,Right Centre Midfielder,,,,,,,,,,,,,,,,,,,,,0.0,0.0,0.0,0.0,0.0,0.0,0.0,
Stefano Okaka Chuka,20505,3163,524,187528,Striker,,,,,,,,,,,,,,,,,,,,,,0.0,0.0,0.0,0.0,0.0,0.0,0.0,
Roberto Maximiliano Pereyra,20593,3163,524,187528,Right Centre Midfielder,Left Centre Midfielder,Striker,15.0,91.0,73.0,11.0,34.0,66.0,46.0,80.0,67.0,18.0,46.0,39.0,67.0,80.0,,,,93.0,74.0,0.0,29.0,60.0,58.0,68.0,62.0,57.0,78
Sebastian De Maio,20707,3163,524,187528,Right Centre Back,Centre Back,,,,,,,,,,,,,,,,,,,,,0.0,0.0,0.0,0.0,0.0,0.0,0.0,
Fernando Martín Forestieri,21660,3163,524,187528,Left Attacking Midfielder,Left Winger,Right Winger,,,,,,,,,,,,,,,,,,,,0.0,0.0,0.0,0.0,0.0,0.0,0.0,
Jens Stryger Larsen,56026,3163,524,187528,Left Wingback,Left Back (5 at the back),Right Wingback,,,,,,,,,,,,,,,,,,,,0.0,0.0,0.0,0.0,0.0,0.0,0.0,
Ilija Nestorovski,82501,3163,524,187528,Striker,,,,,,,,,,,,,,,,,,,,,,0.0,0.0,0.0,0.0,0.0,0.0,0.0,
Marvin  Zeegelaar,189821,3163,524,187528,Left Centre Back (3 at the back),Left Wingback,,,,,,,,,,,,,,,,,,,,,0.0,0.0,0.0,0.0,0.0,0.0,0.0,
Simone Scuffet,239288,3163,524,187528,,,,,,,,,,,,,,,,,,,,,,,0.0,0.0,0.0,0.0,0.0,0.0,0.0,
Samir Caetano de Souza Santos,248950,3163,524,187528,Left Centre Back (3 at the back),Left Centre Back,,92.0,31.0,52.0,63.0,84.0,35.0,47.0,8.0,46.0,71.0,36.0,8.0,5.0,43.0,,,,60.0,0.0,0.0,70.0,46.0,47.0,20.0,26.0,19.0,72
Ignacio Pussetto,266540,3163,524,187528,Striker,Right Winger,,51.0,71.0,20.0,13.0,38.0,90.0,6.0,65.0,50.0,20.0,57.0,55.0,78.0,78.0,,,,95.0,0.0,0.0,28.0,44.0,29.0,65.0,62.0,73.0,76
Walace Souza Silva,327009,3163,524,187528,Defensive Midfielder,Right Centre Midfielder,,39.0,33.0,65.0,90.0,40.0,24.0,80.0,41.0,37.0,89.0,23.0,31.0,3.0,47.0,,,,60.0,17.0,0.0,67.0,50.0,66.0,37.0,27.0,22.0,74
Jean-Victor Makengo,352992,3163,524,187528,Left Centre Midfielder,,,23.0,72.0,67.0,45.0,39.0,48.0,30.0,43.0,48.0,40.0,55.0,19.0,20.0,72.0,,,,60.0,7.0,0.0,41.0,47.0,54.0,43.0,46.0,32.0,63
Rodrigo  Nascimento Franca,409091,3163,524,187528,Right Centre Back (3 at the back),Right Centre Back,,75.0,20.0,43.0,100.0,78.0,42.0,31.0,25.0,16.0,62.0,33.0,44.0,14.0,59.0,,,,60.0,0.0,0.0,67.0,27.0,49.0,33.0,28.0,35.0,75
Nahuel Molina Lucero,414193,3163,524,187528,Right Wingback,Right Back (5 at the back),Right Winger,28.0,81.0,6.0,21.0,39.0,57.0,52.0,70.0,93.0,38.0,48.0,85.0,23.0,19.0,,,,60.0,72.0,0.0,34.0,76.0,31.0,68.0,62.0,54.0,77
Martin Njøten Palumbo,619638,3163,524,187528,Left Winger,,,,,,,,,,,,,,,,,,,,,,0.0,0.0,0.0,0.0,0.0,0.0,0.0,
Marco Silvestri,21573,3163,524,187528,Goalkeeper,,,,,,,,,,,,,,,,,67.0,52.0,85.0,,,68.0,0.0,0.0,0.0,0.0,0.0,0.0,68
Iyenoma Destiny Udogie,604763,3163,524,187528,Left Wingback,Left Back (5 at the back),Left Back,53.0,70.0,43.0,73.0,44.0,76.0,19.0,45.0,21.0,77.0,46.0,70.0,27.0,52.0,,,,60.0,9.0,0.0,58.0,38.0,47.0,57.0,47.0,56.0,73
Simone Ianesi,609022,3163,524,187528,,,,,,,,,,,,,,,,,,,,,,,0.0,0.0,0.0,0.0,0.0,0.0,0.0,
Matteo Carnelos,623196,3163,524,187528,,,,,,,,,,,,,,,,,,,,,,,0.0,0.0,0.0,0.0,0.0,0.0,0.0,
Jacopo Fedrizzi,643931,3163,524,187528,,,,,,,,,,,,,,,,,,,,,,,0.0,0.0,0.0,0.0,0.0,0.0,0.0,
Edoardo Piana,645722,3163,524,187528,,,,,,,,,,,,,,,,,,,,,,,0.0,0.0,0.0,0.0,0.0,0.0,0.0,
Brandon Soppy,590652,3163,524,187528,Right Wingback,Right Back (5 at the back),Left Wingback,20.0,80.0,27.0,62.0,49.0,33.0,9.0,34.0,40.0,38.0,79.0,15.0,26.0,99.0,,,,60.0,9.0,0.0,39.0,40.0,40.0,37.0,54.0,29.0,74
Lazar Samardi?,522257,3163,524,187528,Right Centre Midfielder,Left Centre Midfielder,Right Winger,,,,,,,,,,,,,,,,,,,,0.0,0.0,0.0,0.0,0.0,0.0,0.0,
Isaac  Ajayi Success,285509,3163,524,187528,Striker,,,36.0,58.0,17.0,30.0,4.0,82.0,17.0,99.0,35.0,0.0,80.0,60.0,88.0,95.0,,,,60.0,0.0,0.0,18.0,35.0,35.0,79.0,70.0,77.0,89
Cristo Ramón González Pérez,339800,3163,524,187528,,,,,,,,,,,,,,,,,,,,,,,0.0,0.0,0.0,0.0,0.0,0.0,0.0,
Matteo Trimboli,631170,3164,524,187528,,,,,,,,,,,,,,,,,,,,,,,0.0,0.0,0.0,0.0,0.0,0.0,0.0,
Maya Yoshida,703,3164,524,187528,Right Centre Back,,,90.0,5.0,72.0,70.0,88.0,47.0,66.0,30.0,11.0,92.0,4.0,60.0,8.0,12.0,,,,60.0,0.0,0.0,79.0,32.0,57.0,38.0,16.0,37.0,82
Valerio Verre,20446,3164,524,187528,Attacking Midfielder,Left Winger,Left Centre Midfielder,,,,,,,,,,,,,,,,,,,,0.0,0.0,0.0,0.0,0.0,0.0,0.0,
Fabio Quagliarella,20479,3164,524,187528,Striker,,,41.0,17.0,10.0,16.0,12.0,64.0,13.0,57.0,66.0,18.0,76.0,62.0,80.0,66.0,,,,95.0,50.0,0.0,19.0,47.0,20.0,54.0,63.0,68.0,70
Antonio Candreva,20556,3164,524,187528,Right Winger,Right Centre Midfielder,,0.0,77.0,13.0,16.0,10.0,63.0,78.0,95.0,78.0,30.0,97.0,68.0,64.0,70.0,,,,92.0,94.0,0.0,24.0,71.0,42.0,80.0,81.0,66.0,85
Manolo Gabbiadini,20857,3164,524,187528,Striker,Attacking Midfielder,,36.0,43.0,1.0,30.0,26.0,82.0,13.0,79.0,45.0,22.0,32.0,94.0,72.0,55.0,,,,60.0,80.0,0.0,25.0,41.0,23.0,73.0,55.0,78.0,76
Albin Ekdal,20876,3164,524,187528,Defensive Midfielder,Left Centre Midfielder,Right Centre Midfielder,71.0,12.0,36.0,69.0,61.0,35.0,48.0,11.0,0.0,73.0,57.0,42.0,15.0,91.0,,,,60.0,0.0,0.0,62.0,20.0,44.0,28.0,32.0,34.0,73
Nicola Ravaglia,21331,3164,524,187528,Goalkeeper,,,,,,,,,,,,,,,,,,,,,,0.0,0.0,0.0,0.0,0.0,0.0,0.0,0
Ernesto Torregrossa,21775,3164,524,187528,Striker,Attacking Midfielder,,,,,,,,,,,,,,,,,,,,,0.0,0.0,0.0,0.0,0.0,0.0,0.0,
Adrien Sebastian Perruchet Silva,70403,3164,524,187528,Left Centre Midfielder,Defensive Midfielder,Left Defensive Midfielder,39.0,29.0,79.0,87.0,62.0,16.0,68.0,29.0,66.0,91.0,9.0,16.0,6.0,61.0,,,,60.0,0.0,0.0,70.0,64.0,67.0,27.0,25.0,15.0,78
Bartosz Bereszy?ski,99833,3164,524,187528,Right Back,,,69.0,44.0,26.0,50.0,68.0,20.0,43.0,43.0,64.0,56.0,38.0,6.0,14.0,44.0,,,,60.0,7.0,0.0,55.0,57.0,39.0,31.0,35.0,18.0,61
Omar Colley,215503,3164,524,187528,Left Centre Back,Left Centre Back (3 at the back),,78.0,5.0,66.0,82.0,93.0,29.0,60.0,5.0,4.0,97.0,19.0,3.0,3.0,47.0,,,,60.0,0.0,0.0,80.0,26.0,56.0,14.0,10.0,15.0,83
Tommaso Augello,222964,3164,524,187528,Left Back,,,69.0,66.0,38.0,49.0,60.0,11.0,59.0,53.0,61.0,70.0,41.0,39.0,5.0,34.0,,,,60.0,10.0,0.0,61.0,62.0,48.0,43.0,43.0,23.0,65
Morten Thorsby,237057,3164,524,187528,Right Centre Midfielder,Left Centre Midfielder,,76.0,8.0,25.0,54.0,55.0,61.0,15.0,23.0,0.0,48.0,14.0,40.0,52.0,43.0,,,,60.0,0.0,0.0,49.0,13.0,29.0,32.0,22.0,49.0,60
Emil Audero Mulyadi,257027,3164,524,187528,Goalkeeper,,,,,,,,,,,,,,,,,83.0,59.0,59.0,,,67.0,0.0,0.0,0.0,0.0,0.0,0.0,67
Alex Ferrari,263433,3164,524,187528,Right Centre Back,,,52.0,6.0,60.0,80.0,95.0,16.0,45.0,4.0,17.0,71.0,10.0,46.0,1.0,60.0,,,,60.0,44.0,0.0,67.0,27.0,51.0,20.0,16.0,22.0,73
Mikkel Damsgaard,449472,3164,524,187528,Left Winger,Left Attacking Midfielder,,,,,,,,,,,,,,,,,,,,,0.0,0.0,0.0,0.0,0.0,0.0,0.0,
Kristoffer Askildsen,563182,3164,524,187528,Right Centre Midfielder,Left Winger,Left Centre Midfielder,74.0,7.0,4.0,47.0,80.0,44.0,20.0,13.0,0.0,46.0,65.0,13.0,50.0,74.0,,,,60.0,0.0,0.0,49.0,12.0,21.0,22.0,34.0,38.0,69
Nicola Murru,20869,3164,524,187528,Left Back,,,54.0,36.0,2.0,55.0,57.0,14.0,48.0,29.0,80.0,67.0,42.0,56.0,13.0,18.0,,,,60.0,43.0,0.0,52.0,66.0,28.0,33.0,42.0,29.0,63
Julian Chabot,391740,3164,524,187528,Left Centre Back,Left Centre Back (3 at the back),,,,,,,,,,,,,,,,,,,,,0.0,0.0,0.0,0.0,0.0,0.0,0.0,
Fabio Depaoli,415809,3164,524,187528,Right Wingback,Left Wingback,Right Winger,21.0,47.0,0.0,32.0,66.0,51.0,33.0,55.0,77.0,30.0,74.0,57.0,24.0,51.0,,,,60.0,0.0,0.0,33.0,60.0,25.0,53.0,58.0,45.0,66
Wladimiro Falcone,226222,3164,524,187528,Goalkeeper,,,,,,,,,,,,,,,,,84.0,85.0,89.0,,,86.0,0.0,0.0,0.0,0.0,0.0,0.0,86
Radu-Matei Dr?gu?in,545267,3164,524,187528,Right Centre Back,Right Back,Right Centre Back (3 at the back),68.0,16.0,30.0,74.0,88.0,20.0,30.0,6.0,16.0,69.0,5.0,15.0,4.0,40.0,,,,60.0,0.0,0.0,64.0,26.0,36.0,14.0,11.0,15.0,68
Simone Trimboli,542197,3164,524,187528,Right Centre Midfielder,Left Centre Midfielder,Defensive Midfielder,,,,,,,,,,,,,,,,,,,,0.0,0.0,0.0,0.0,0.0,0.0,0.0,
Francesco Migliardi,631069,3164,524,187528,,,,,,,,,,,,,,,,,,,,,,,0.0,0.0,0.0,0.0,0.0,0.0,0.0,
Gerard Yepes Laut,635150,3164,524,187528,Defensive Midfielder,Right Centre Midfielder,Left Centre Midfielder,,,,,,,,,,,,,,,,,,,,0.0,0.0,0.0,0.0,0.0,0.0,0.0,
Riccardo Ciervo,601314,3164,524,187528,Left Winger,Right Winger,Left Wingback,,,,,,,,,,,,,,,,,,,,0.0,0.0,0.0,0.0,0.0,0.0,0.0,
Mohamed Amine Ihattaren,489626,3164,524,187528,,,,,,,,,,,,,,,,,,,,,,,0.0,0.0,0.0,0.0,0.0,0.0,0.0,
Baye Ibrahima Niasse,92260,3166,524,187528,,,,,,,,,,,,,,,,,,,,,,,0.0,0.0,0.0,0.0,0.0,0.0,0.0,
Marco Molla,562295,3166,524,187528,,,,,,,,,,,,,,,,,,,,,,,0.0,0.0,0.0,0.0,0.0,0.0,0.0,
Omar  Khailoti,576506,3166,524,187528,,,,,,,,,,,,,,,,,,,,,,,0.0,0.0,0.0,0.0,0.0,0.0,0.0,
Ebenezer Isaac Annan,626846,3166,524,187528,Left Back (5 at the back),Left Wingback,,,,,,,,,,,,,,,,,,,,,0.0,0.0,0.0,0.0,0.0,0.0,0.0,
Davide Franzini,628283,3166,524,187528,,,,,,,,,,,,,,,,,,,,,,,0.0,0.0,0.0,0.0,0.0,0.0,0.0,
Nicola Bagnolini,618933,3166,524,187528,Goalkeeper,,,,,,,,,,,,,,,,,,,,,,0.0,0.0,0.0,0.0,0.0,0.0,0.0,0
Wisdom Amey,628296,3166,524,187528,Right Centre Back (3 at the back),,,,,,,,,,,,,,,,,,,,,,0.0,0.0,0.0,0.0,0.0,0.0,0.0,
Kevin Bonifazi,289827,3166,524,187528,Left Centre Back,Right Centre Back (3 at the back),Left Centre Back (3 at the back),87.0,50.0,52.0,74.0,81.0,30.0,78.0,14.0,9.0,83.0,44.0,11.0,8.0,14.0,,,,60.0,0.0,0.0,77.0,33.0,56.0,24.0,26.0,19.0,81
Mitchell Dijks,1708,3166,524,187528,Left Wingback,Left Back (5 at the back),Left Back,,,,,,,,,,,,,,,,,,,,0.0,0.0,0.0,0.0,0.0,0.0,0.0,
Gary Alexis Medel Soto,3473,3166,524,187528,Centre Back,Right Centre Back,,61.0,9.0,98.0,58.0,88.0,18.0,74.0,7.0,0.0,60.0,36.0,13.0,0.0,54.0,,,,60.0,41.0,0.0,67.0,19.0,66.0,17.0,17.0,14.0,76
Roberto Soriano,20623,3166,524,187528,Right Centre Midfielder,Attacking Midfielder,Left Centre Midfielder,31.0,58.0,44.0,58.0,37.0,59.0,64.0,78.0,81.0,61.0,33.0,2.0,56.0,70.0,,,,60.0,0.0,0.0,50.0,73.0,56.0,55.0,48.0,41.0,71
Lorenzo De Silvestri,20927,3166,524,187528,Right Wingback,Right Back,Right Back (5 at the back),85.0,64.0,29.0,34.0,56.0,53.0,60.0,52.0,93.0,45.0,14.0,68.0,23.0,49.0,,,,60.0,0.0,0.0,53.0,75.0,43.0,56.0,47.0,48.0,74
Ibrahima Mbaye,22377,3166,524,187528,Right Back (5 at the back),Left Centre Back (3 at the back),Left Back (5 at the back),,,,,,,,,,,,,,,,,,,,0.0,0.0,0.0,0.0,0.0,0.0,0.0,
Nicola Sansone,22578,3166,524,187528,Striker,Left Wing Forward,Attacking Midfielder,15.0,66.0,30.0,13.0,2.0,86.0,21.0,89.0,83.0,10.0,67.0,53.0,67.0,84.0,,,,60.0,83.0,0.0,15.0,63.0,37.0,74.0,70.0,68.0,82
Bakary Adama Soumaoro,25710,3166,524,187528,Right Centre Back (3 at the back),,,86.0,15.0,91.0,51.0,87.0,39.0,47.0,2.0,5.0,56.0,36.0,2.0,7.0,21.0,,,,60.0,0.0,0.0,66.0,19.0,56.0,15.0,16.0,18.0,74
Federico Javier Santander Mereles,86316,3166,524,187528,Striker,,,,,,,,,,,,,,,,,,,,,,0.0,0.0,0.0,0.0,0.0,0.0,0.0,
?ukasz Skorupski,99430,3166,524,187528,Goalkeeper,,,,,,,,,,,,,,,,,94.0,69.0,82.0,,,82.0,0.0,0.0,0.0,0.0,0.0,0.0,82
Mattias Svanberg,347525,3166,524,187528,Left Centre Midfielder,Right Centre Midfielder,,45.0,58.0,23.0,33.0,53.0,40.0,45.0,63.0,43.0,38.0,30.0,58.0,15.0,94.0,,,,60.0,69.0,0.0,41.0,45.0,40.0,57.0,43.0,40.0,65
Riccardo Orsolini,373768,3166,524,187528,Striker,Right Wing Forward,,51.0,65.0,18.0,16.0,33.0,69.0,31.0,46.0,61.0,15.0,93.0,67.0,83.0,88.0,,,,97.0,86.0,0.0,28.0,49.0,31.0,58.0,75.0,72.0,80
Takehiro Tomiyasu,386328,3166,524,187528,Left Back (5 at the back),,,,,,,,,,,,,,,,,,,,,,0.0,0.0,0.0,0.0,0.0,0.0,0.0,
Jerdy Schouten,439889,3166,524,187528,Right Centre Midfielder,Defensive Midfielder,Right Defensive Midfielder,71.0,12.0,69.0,86.0,72.0,6.0,75.0,44.0,0.0,100.0,57.0,50.0,1.0,11.0,,,,60.0,0.0,0.0,79.0,30.0,62.0,35.0,30.0,23.0,81
Emanuel Vignato,485014,3166,524,187528,Right Centre Midfielder,Left Centre Midfielder,Left Wingback,,,,,,,,,,,,,,,,,,,,0.0,0.0,0.0,0.0,0.0,0.0,0.0,
Musa Barrow,491409,3166,524,187528,Striker,Left Wing Forward,,17.0,74.0,38.0,4.0,11.0,61.0,31.0,83.0,72.0,7.0,62.0,82.0,86.0,39.0,,,,60.0,81.0,0.0,17.0,58.0,38.0,72.0,72.0,73.0,79
Nicolás Martín Domínguez,496214,3166,524,187528,Defensive Midfielder,Left Centre Midfielder,Right Centre Midfielder,77.0,32.0,65.0,84.0,57.0,40.0,79.0,58.0,49.0,81.0,20.0,4.0,21.0,74.0,,,,60.0,39.0,0.0,73.0,57.0,68.0,42.0,29.0,26.0,79
Andreas Skov Olsen,512740,3166,524,187528,Right Back (5 at the back),Right Winger,Right Wingback,21.0,87.0,36.0,47.0,31.0,40.0,29.0,55.0,88.0,54.0,79.0,13.0,66.0,81.0,,,,60.0,51.0,0.0,41.0,73.0,45.0,47.0,68.0,43.0,80
Aaron Hickey,596046,3166,524,187528,Left Wingback,Left Back,Left Back (5 at the back),20.0,64.0,40.0,36.0,61.0,21.0,19.0,34.0,53.0,47.0,52.0,74.0,15.0,93.0,,,,60.0,18.0,0.0,41.0,48.0,40.0,44.0,52.0,38.0,69
Benito Nicolas Viola,22695,3166,524,187528,Defensive Midfielder,Left Wingback,,,,,,,,,,,,,,,,,,,,,0.0,0.0,0.0,0.0,0.0,0.0,0.0,
Francesco Bardi,20889,3166,524,187528,Goalkeeper,,,,,,,,,,,,,,,,,,,,,,0.0,0.0,0.0,0.0,0.0,0.0,0.0,0
Kingsley Dogo Michael,403264,3166,524,187528,Defensive Midfielder,Right Centre Midfielder,,,,,,,,,,,,,,,,,,,,,0.0,0.0,0.0,0.0,0.0,0.0,0.0,
Gabriele Corbo,496671,3166,524,187528,,,,,,,,,,,,,,,,,,,,,,,0.0,0.0,0.0,0.0,0.0,0.0,0.0,
Gianmarco Cangiano,536800,3166,524,187528,,,,,,,,,,,,,,,,,,,,,,,0.0,0.0,0.0,0.0,0.0,0.0,0.0,
Arthur Theate,583730,3166,524,187528,Left Centre Back (3 at the back),,,51.0,66.0,56.0,56.0,77.0,27.0,81.0,15.0,19.0,67.0,13.0,54.0,11.0,8.0,,,,60.0,0.0,0.0,64.0,37.0,55.0,34.0,27.0,29.0,69
Sydney van Hooijdonk,576529,3166,524,187528,Striker,,,,,,,,,,,,,,,,,,,,,,0.0,0.0,0.0,0.0,0.0,0.0,0.0,
Niklas Pyyhtiä,619259,3166,524,187528,Defensive Midfielder,,,,,,,,,,,,,,,,,,,,,,0.0,0.0,0.0,0.0,0.0,0.0,0.0,
Luis Binks,494716,3166,524,187528,Centre Back,Left Centre Back (3 at the back),,,,,,,,,,,,,,,,,,,,,0.0,0.0,0.0,0.0,0.0,0.0,0.0,
M'Baye Babacar Niang,25898,3166,524,187528,,,,,,,,,,,,,,,,,,,,,,,0.0,0.0,0.0,0.0,0.0,0.0,0.0,
Marko Arnautovi?,14703,3166,524,187528,Striker,,,28.0,27.0,11.0,34.0,10.0,93.0,14.0,77.0,50.0,21.0,62.0,84.0,93.0,24.0,,,,94.0,48.0,0.0,21.0,42.0,24.0,71.0,62.0,85.0,82
Federico Zuccon,591029,3172,524,187528,,,,,,,,,,,,,,,,,,,,,,,0.0,0.0,0.0,0.0,0.0,0.0,0.0,
Merih Demiral,345695,3172,524,187528,Centre Back,Right Centre Back,,98.0,7.0,78.0,97.0,89.0,77.0,34.0,11.0,0.0,82.0,3.0,19.0,22.0,27.0,,,,60.0,39.0,0.0,81.0,20.0,58.0,27.0,10.0,38.0,89
Giuseppe Pezzella,388398,3172,524,187528,Left Wingback,Left Back,,46.0,71.0,22.0,47.0,60.0,30.0,47.0,56.0,79.0,56.0,82.0,14.0,26.0,91.0,,,,60.0,0.0,0.0,50.0,69.0,43.0,45.0,60.0,30.0,77
Juan Agustín Musso,225704,3172,524,187528,Goalkeeper,,,,,,,,,,,,,,,,,81.0,61.0,62.0,,,68.0,0.0,0.0,0.0,0.0,0.0,0.0,68
Marten de Roon,625,3172,524,187528,Right Centre Midfielder,Left Centre Midfielder,Right Centre Back (3 at the back),74.0,22.0,78.0,90.0,40.0,27.0,88.0,15.0,14.0,91.0,34.0,65.0,6.0,13.0,,,,60.0,19.0,0.0,75.0,36.0,67.0,32.0,27.0,33.0,84
Luis Fernando Muriel Fruto,20764,3172,524,187528,Striker,Left Wing Forward,,55.0,92.0,27.0,24.0,5.0,73.0,32.0,99.0,63.0,17.0,79.0,94.0,99.0,61.0,,,,98.0,88.0,0.0,28.0,58.0,42.0,86.0,84.0,87.0,93
Josip Ili?i?,20820,3172,524,187528,Striker,Attacking Midfielder,Right Wing Forward,6.0,86.0,42.0,29.0,7.0,65.0,74.0,99.0,70.0,24.0,89.0,82.0,93.0,100.0,,,,70.0,80.0,0.0,27.0,66.0,57.0,86.0,87.0,80.0,93
Francesco Rossi,22053,3172,524,187528,Goalkeeper,,,,,,,,,,,,,,,,,,,,,,0.0,0.0,0.0,0.0,0.0,0.0,0.0,0
Marco Sportiello,23705,3172,524,187528,Goalkeeper,,,,,,,,,,,,,,,,,89.0,67.0,100.0,,,85.0,0.0,0.0,0.0,0.0,0.0,0.0,85
Rafael Tolói,41034,3172,524,187528,Right Centre Back (3 at the back),,,89.0,36.0,47.0,71.0,75.0,56.0,90.0,26.0,70.0,92.0,19.0,36.0,18.0,18.0,,,,60.0,0.0,0.0,78.0,69.0,56.0,38.0,32.0,36.0,83
Remo Freuler,49991,3172,524,187528,Left Centre Midfielder,Right Centre Midfielder,Left Defensive Midfielder,48.0,72.0,69.0,73.0,59.0,29.0,93.0,64.0,52.0,77.0,50.0,33.0,20.0,45.0,,,,60.0,31.0,0.0,69.0,63.0,72.0,53.0,47.0,31.0,77
Berat  Djimsiti,50007,3172,524,187528,Left Centre Back (3 at the back),Right Centre Back (3 at the back),,89.0,14.0,60.0,57.0,78.0,56.0,76.0,35.0,65.0,68.0,39.0,19.0,18.0,23.0,,,,60.0,39.0,0.0,69.0,59.0,54.0,36.0,32.0,33.0,75
Duván Esteban Zapata Banguera,86243,3172,524,187528,Striker,,,55.0,80.0,27.0,11.0,26.0,99.0,12.0,88.0,66.0,6.0,61.0,54.0,95.0,55.0,,,,99.0,0.0,0.0,24.0,53.0,34.0,76.0,70.0,80.0,86
José Luis Palomino,86366,3172,524,187528,Centre Back,Left Centre Back (3 at the back),Left Centre Back,98.0,27.0,57.0,100.0,85.0,63.0,80.0,16.0,39.0,98.0,17.0,14.0,15.0,18.0,,,,60.0,38.0,0.0,88.0,50.0,61.0,30.0,21.0,31.0,92
Mario Paali?,135807,3172,524,187528,Attacking Midfielder,Right Centre Midfielder,Left Wing Forward,63.0,41.0,64.0,11.0,12.0,96.0,53.0,86.0,24.0,21.0,28.0,100.0,76.0,23.0,,,,60.0,0.0,0.0,32.0,33.0,50.0,81.0,51.0,85.0,84
Ruslan Malinovskiy,138548,3172,524,187528,Attacking Midfielder,Striker,Right Wing Forward,46.0,96.0,35.0,37.0,29.0,66.0,76.0,88.0,71.0,32.0,85.0,89.0,85.0,83.0,,,,60.0,90.0,0.0,42.0,68.0,56.0,84.0,85.0,80.0,89
Aleksey Miranchuk,262048,3172,524,187528,Attacking Midfielder,Striker,Right Wing Forward,29.0,87.0,53.0,28.0,14.0,68.0,53.0,91.0,82.0,8.0,76.0,76.0,88.0,85.0,,,,60.0,58.0,0.0,27.0,67.0,56.0,80.0,82.0,77.0,87
Matteo Pessina,272893,3172,524,187528,Attacking Midfielder,Left Centre Midfielder,,58.0,67.0,51.0,59.0,31.0,68.0,63.0,45.0,33.0,44.0,45.0,28.0,79.0,87.0,,,,60.0,0.0,0.0,50.0,42.0,58.0,51.0,51.0,58.0,73
Hans Hateboer,280419,3172,524,187528,Right Wingback,Right Back,,51.0,67.0,56.0,51.0,42.0,76.0,57.0,38.0,86.0,39.0,72.0,5.0,29.0,12.0,,,,60.0,0.0,0.0,48.0,69.0,52.0,43.0,52.0,38.0,72
Robin Gosens,295176,3172,524,187528,Left Wingback,,,,,,,,,,,,,,,,,,,,,,0.0,0.0,0.0,0.0,0.0,0.0,0.0,
Sam Lammers,377072,3172,524,187528,Striker,,,,,,,,,,,,,,,,,,,,,,0.0,0.0,0.0,0.0,0.0,0.0,0.0,
Joakim Maehle,442097,3172,524,187528,Left Wingback,Right Wingback,,36.0,82.0,52.0,29.0,29.0,54.0,52.0,45.0,51.0,48.0,34.0,33.0,25.0,74.0,,,,60.0,8.0,0.0,41.0,53.0,51.0,49.0,45.0,39.0,63
Davide Zappacosta,22889,3172,524,187528,Right Wingback,Left Wingback,,21.0,89.0,47.0,23.0,28.0,50.0,58.0,81.0,78.0,33.0,69.0,22.0,56.0,57.0,,,,60.0,30.0,0.0,34.0,69.0,52.0,62.0,65.0,45.0,75
Matteo Lovato,485354,3172,524,187528,Centre Back,Right Centre Back (3 at the back),,89.0,14.0,76.0,75.0,76.0,25.0,55.0,1.0,0.0,64.0,42.0,9.0,6.0,27.0,,,,60.0,45.0,0.0,70.0,18.0,57.0,14.0,18.0,17.0,76
Roberto Piccoli,499876,3172,524,187528,Striker,,,,,,,,,,,,,,,,,,,,,,0.0,0.0,0.0,0.0,0.0,0.0,0.0,
Enrico Del Prato,422552,3172,524,187528,,,,,,,,,,,,,,,,,,,,,,,0.0,0.0,0.0,0.0,0.0,0.0,0.0,
Jacopo Da Riva,422563,3172,524,187528,,,,,,,,,,,,,,,,,,,,,,,0.0,0.0,0.0,0.0,0.0,0.0,0.0,
Andrea Olivieri,591040,3172,524,187528,,,,,,,,,,,,,,,,,,,,,,,0.0,0.0,0.0,0.0,0.0,0.0,0.0,
Giorgio  Scalvini,635339,3172,524,187528,Right Centre Back (3 at the back),Left Centre Back (3 at the back),,85.0,20.0,71.0,86.0,42.0,74.0,86.0,9.0,13.0,71.0,27.0,42.0,28.0,31.0,,,,60.0,0.0,0.0,70.0,30.0,64.0,35.0,25.0,46.0,80
Teun Koopmeiners,365444,3172,524,187528,Right Centre Midfielder,Left Centre Midfielder,Attacking Midfielder,62.0,59.0,62.0,41.0,26.0,33.0,91.0,77.0,86.0,36.0,47.0,76.0,21.0,36.0,,,,60.0,81.0,0.0,48.0,74.0,63.0,65.0,57.0,45.0,78
Christian Gabriel Oliva Giménez,557617,3173,524,187528,Right Centre Midfielder,Right Defensive Midfielder,,,,,,,,,,,,,,,,,,,,,0.0,0.0,0.0,0.0,0.0,0.0,0.0,
Alberto Grassi,134435,3173,524,187528,Defensive Midfielder,Left Centre Midfielder,Right Centre Midfielder,90.0,15.0,53.0,36.0,61.0,32.0,56.0,40.0,42.0,69.0,47.0,5.0,12.0,95.0,,,,60.0,45.0,0.0,61.0,46.0,49.0,32.0,32.0,23.0,74
Keita Baldé Diao,256480,3173,524,187528,Striker,,,24.0,32.0,33.0,15.0,34.0,86.0,6.0,38.0,23.0,17.0,49.0,64.0,79.0,85.0,,,,60.0,0.0,0.0,22.0,23.0,28.0,52.0,50.0,72.0,73
Paolo Faragò,220359,3173,524,187528,Left Centre Midfielder,,,,,,,,,,,,,,,,,,,,,,0.0,0.0,0.0,0.0,0.0,0.0,0.0,
Boris Radunovi?,265832,3173,524,187528,Goalkeeper,,,,,,,,,,,,,,,,,,,,,,0.0,0.0,0.0,0.0,0.0,0.0,0.0,0
Diego Roberto Godín Leal,3433,3173,524,187528,Centre Back,Left Centre Back,Right Centre Back,83.0,6.0,96.0,81.0,83.0,30.0,71.0,5.0,12.0,92.0,56.0,15.0,17.0,6.0,,,,60.0,0.0,0.0,82.0,31.0,67.0,17.0,24.0,23.0,87
Luca Ceppitelli,21639,3173,524,187528,Centre Back,Right Centre Back,Right Centre Back (3 at the back),78.0,3.0,62.0,76.0,88.0,28.0,62.0,1.0,46.0,91.0,4.0,46.0,2.0,32.0,,,,60.0,21.0,0.0,77.0,48.0,52.0,20.0,17.0,25.0,79
Leonardo Pavoletti,22933,3173,524,187528,Striker,,,80.0,0.0,43.0,26.0,35.0,94.0,4.0,28.0,13.0,17.0,16.0,57.0,80.0,60.0,,,,60.0,0.0,0.0,33.0,13.0,29.0,43.0,31.0,72.0,74
Simone Aresti,24866,3173,524,187528,,,,,,,,,,,,,,,,,,,,,,,0.0,0.0,0.0,0.0,0.0,0.0,0.0,
Charalampos Lykogiannis,92900,3173,524,187528,Left Wingback,Left Back,Left Back (5 at the back),74.0,42.0,1.0,22.0,85.0,27.0,29.0,38.0,64.0,65.0,15.0,39.0,41.0,27.0,,,,60.0,81.0,0.0,53.0,57.0,20.0,35.0,36.0,36.0,66
João Pedro Geraldino dos Santos Galvão,116171,3173,524,187528,Striker,,,37.0,36.0,26.0,11.0,21.0,91.0,6.0,64.0,23.0,8.0,29.0,69.0,76.0,90.0,,,,95.0,50.0,0.0,18.0,24.0,28.0,64.0,47.0,75.0,78
Alessio Cragno,134413,3173,524,187528,Goalkeeper,,,,,,,,,,,,,,,,,76.0,63.0,56.0,,,65.0,0.0,0.0,0.0,0.0,0.0,0.0,65
R?zvan Gabriel Marin,236820,3173,524,187528,Right Centre Midfielder,Left Centre Midfielder,,44.0,68.0,63.0,18.0,15.0,30.0,60.0,82.0,71.0,15.0,29.0,6.0,10.0,45.0,,,,60.0,95.0,0.0,31.0,61.0,55.0,52.0,39.0,20.0,69
Gastón Rodrigo Pereiro López,254155,3173,524,187528,Striker,Right Centre Midfielder,Right Winger,26.0,80.0,21.0,5.0,20.0,55.0,18.0,67.0,63.0,11.0,81.0,90.0,69.0,6.0,,,,60.0,63.0,0.0,19.0,51.0,26.0,65.0,73.0,68.0,77
Alessandro Deiola,263591,3173,524,187528,Left Centre Midfielder,Right Centre Midfielder,,63.0,10.0,52.0,46.0,67.0,59.0,28.0,39.0,48.0,71.0,21.0,76.0,11.0,37.0,,,,60.0,8.0,0.0,57.0,46.0,41.0,46.0,32.0,47.0,67
Nahitan Michel Nández Acosta,299618,3173,524,187528,Right Centre Midfielder,Right Winger,Right Wingback,53.0,89.0,34.0,48.0,25.0,34.0,48.0,78.0,100.0,34.0,61.0,11.0,58.0,76.0,,,,60.0,10.0,0.0,42.0,80.0,51.0,55.0,65.0,39.0,81
Sebastian Walukiewicz,496427,3173,524,187528,Right Centre Back (3 at the back),Right Centre Back,Left Centre Back,,,,,,,,,,,,,,,,,,,,0.0,0.0,0.0,0.0,0.0,0.0,0.0,
Gabriele Zappa,535711,3173,524,187528,Right Centre Back (3 at the back),Right Back,Right Wingback,62.0,70.0,16.0,47.0,57.0,18.0,46.0,28.0,58.0,49.0,30.0,14.0,19.0,31.0,,,,60.0,0.0,0.0,50.0,54.0,35.0,29.0,36.0,20.0,59
Andrea Carboni,583587,3173,524,187528,Left Centre Back (3 at the back),Left Centre Back,,68.0,39.0,24.0,72.0,89.0,22.0,66.0,20.0,51.0,86.0,14.0,7.0,6.0,8.0,,,,60.0,0.0,0.0,72.0,55.0,42.0,22.0,21.0,14.0,76
José Martín Cáceres Silva,20460,3173,524,187528,Right Centre Back (3 at the back),Right Back,Left Back,38.0,6.0,14.0,46.0,73.0,12.0,77.0,34.0,47.0,73.0,4.0,59.0,14.0,53.0,,,,60.0,43.0,0.0,55.0,50.0,35.0,35.0,25.0,29.0,67
Kevin Strootman,114,3173,524,187528,Defensive Midfielder,Left Centre Midfielder,,,,,,,,,,,,,,,,,,,,,0.0,0.0,0.0,0.0,0.0,0.0,0.0,
Diego da Silva Farias,23314,3173,524,187528,Left Winger,Left Centre Midfielder,Striker,,,,,,,,,,,,,,,,,,,,0.0,0.0,0.0,0.0,0.0,0.0,0.0,
Damir Ceter Valencia,335634,3173,524,187528,Striker,,,,,,,,,,,,,,,,,,,,,,0.0,0.0,0.0,0.0,0.0,0.0,0.0,
Raoul Bellanova,405598,3173,524,187528,Right Wingback,Right Back (5 at the back),Left Wingback,37.0,83.0,23.0,36.0,60.0,45.0,25.0,63.0,96.0,61.0,82.0,24.0,25.0,61.0,,,,60.0,0.0,0.0,47.0,79.0,37.0,52.0,65.0,36.0,77
Giorgio Altare,506811,3173,524,187528,Right Centre Back (3 at the back),Left Centre Back (3 at the back),,93.0,32.0,8.0,92.0,77.0,32.0,74.0,21.0,36.0,99.0,46.0,43.0,16.0,19.0,,,,60.0,0.0,0.0,80.0,49.0,41.0,32.0,35.0,32.0,87
Andrea D'Aniello,596067,3173,524,187528,,,,,,,,,,,,,,,,,,,,,,,0.0,0.0,0.0,0.0,0.0,0.0,0.0,
Eugenio Fusco,642364,3173,524,187528,,,,,,,,,,,,,,,,,,,,,,,0.0,0.0,0.0,0.0,0.0,0.0,0.0,
Nicolò Cavuoti,644345,3173,524,187528,,,,,,,,,,,,,,,,,,,,,,,0.0,0.0,0.0,0.0,0.0,0.0,0.0,
Isaias Del Pupo,652193,3173,524,187528,,,,,,,,,,,,,,,,,,,,,,,0.0,0.0,0.0,0.0,0.0,0.0,0.0,
Adam Obert,569946,3173,524,187528,Left Centre Back (3 at the back),,,,,,,,,,,,,,,,,,,,,,0.0,0.0,0.0,0.0,0.0,0.0,0.0,
Dalbert Henrique Chagas Estevão,298212,3173,524,187528,Left Wingback,Left Centre Midfielder,Left Back (5 at the back),30.0,37.0,15.0,48.0,60.0,51.0,27.0,42.0,79.0,58.0,48.0,2.0,40.0,59.0,,,,60.0,43.0,0.0,44.0,63.0,31.0,35.0,43.0,33.0,61
Gustavo Delpupo da Silva,42733,3173,524,187528,,,,,,,,,,,,,,,,,,,,,,,0.0,0.0,0.0,0.0,0.0,0.0,0.0,
Álvaro Odriozola Arzallus,278289,3176,524,187528,Right Back,,,9.0,91.0,87.0,55.0,62.0,51.0,38.0,67.0,97.0,54.0,44.0,35.0,29.0,24.0,,,,60.0,8.0,0.0,51.0,81.0,66.0,56.0,56.0,39.0,81
Lucas Torreira Di Pascua,333571,3176,524,187528,Defensive Midfielder,,,27.0,22.0,89.0,64.0,15.0,81.0,87.0,53.0,42.0,44.0,20.0,69.0,17.0,85.0,,,,60.0,54.0,0.0,46.0,46.0,73.0,61.0,36.0,54.0,82
Louis Munteanu,545276,3176,524,187528,,,,,,,,,,,,,,,,,,,,,,,0.0,0.0,0.0,0.0,0.0,0.0,0.0,
Filippo  Frison,624359,3176,524,187528,,,,,,,,,,,,,,,,,,,,,,,0.0,0.0,0.0,0.0,0.0,0.0,0.0,
Alessandro  Bianco,624360,3176,524,187528,,,,,,,,,,,,,,,,,,,,,,,0.0,0.0,0.0,0.0,0.0,0.0,0.0,
Filippo Di Stefano,653400,3176,524,187528,Right Winger,,,,,,,,,,,,,,,,,,,,,,0.0,0.0,0.0,0.0,0.0,0.0,0.0,
Destiny Efosa Egharevba,625946,3176,524,187528,,,,,,,,,,,,,,,,,,,,,,,0.0,0.0,0.0,0.0,0.0,0.0,0.0,
Joseph Alfred Duncan,22383,3176,524,187528,Left Centre Midfielder,Right Centre Midfielder,,20.0,53.0,46.0,39.0,22.0,36.0,68.0,53.0,80.0,27.0,69.0,60.0,20.0,17.0,,,,60.0,9.0,0.0,33.0,64.0,48.0,51.0,56.0,39.0,66
Riccardo Sottil,523085,3176,524,187528,Left Wing Forward,Right Wing Forward,Left Winger,20.0,100.0,41.0,16.0,1.0,77.0,14.0,81.0,68.0,14.0,93.0,73.0,87.0,97.0,,,,60.0,41.0,0.0,19.0,57.0,43.0,77.0,86.0,79.0,92
José María Callejón Bueno,3313,3176,524,187528,Right Wing Forward,Right Winger,,25.0,36.0,49.0,34.0,8.0,67.0,37.0,78.0,68.0,31.0,66.0,32.0,87.0,63.0,,,,60.0,80.0,0.0,29.0,56.0,46.0,59.0,61.0,62.0,73
Giacomo Bonaventura,20845,3176,524,187528,Right Centre Midfielder,,,39.0,92.0,62.0,25.0,10.0,69.0,53.0,69.0,36.0,36.0,85.0,61.0,56.0,87.0,,,,60.0,31.0,0.0,36.0,46.0,58.0,70.0,70.0,63.0,80
Pietro Terracciano,21065,3176,524,187528,Goalkeeper,,,,,,,,,,,,,,,,,98.0,93.0,52.0,,,81.0,0.0,0.0,0.0,0.0,0.0,0.0,81
Antonio Rosati,21158,3176,524,187528,,,,,,,,,,,,,,,,,,,,,,,0.0,0.0,0.0,0.0,0.0,0.0,0.0,
Cristiano Biraghi,21842,3176,524,187528,Left Back,,,6.0,61.0,50.0,55.0,45.0,40.0,85.0,82.0,95.0,46.0,40.0,54.0,20.0,63.0,,,,92.0,95.0,0.0,45.0,81.0,61.0,65.0,54.0,40.0,77
Erick Antonio Pulgar Farfán,90268,3176,524,187528,Defensive Midfielder,Right Centre Midfielder,,,,,,,,,,,,,,,,,,,,,0.0,0.0,0.0,0.0,0.0,0.0,0.0,
Aleksandr Kokorin,101705,3176,524,187528,Striker,,,,,,,,,,,,,,,,,,,,,,0.0,0.0,0.0,0.0,0.0,0.0,0.0,
Bart?omiej Dr?gowski,265431,3176,524,187528,Goalkeeper,,,,,,,,,,,,,,,,,77.0,83.0,81.0,,,80.0,0.0,0.0,0.0,0.0,0.0,0.0,80
Lorenzo Venuti,284960,3176,524,187528,Right Back,,,46.0,58.0,81.0,36.0,48.0,13.0,75.0,27.0,74.0,21.0,32.0,14.0,9.0,81.0,,,,60.0,0.0,0.0,44.0,59.0,64.0,30.0,38.0,16.0,74
Sofyan Amrabat,285590,3176,524,187528,Defensive Midfielder,,,18.0,49.0,95.0,74.0,72.0,11.0,93.0,16.0,54.0,75.0,40.0,56.0,0.0,54.0,,,,60.0,0.0,0.0,67.0,57.0,75.0,33.0,39.0,24.0,82
Gaetano Castrovilli,341073,3176,524,187528,Left Centre Midfielder,Right Centre Midfielder,,20.0,87.0,29.0,24.0,45.0,51.0,36.0,61.0,34.0,30.0,71.0,42.0,63.0,93.0,,,,60.0,68.0,0.0,33.0,41.0,41.0,58.0,63.0,53.0,75
Lucas  Martínez Quarta,372256,3176,524,187528,Left Centre Back,Right Centre Back,,85.0,68.0,96.0,86.0,77.0,58.0,97.0,32.0,0.0,69.0,57.0,30.0,22.0,27.0,,,,60.0,0.0,0.0,81.0,30.0,82.0,44.0,38.0,38.0,88
Igor Julio dos Santos de Paulo,415953,3176,524,187528,Left Centre Back,,,68.0,48.0,99.0,93.0,80.0,15.0,91.0,22.0,5.0,79.0,44.0,10.0,5.0,1.0,,,,60.0,0.0,0.0,81.0,32.0,79.0,24.0,25.0,13.0,88
Duan Vlahovi?,418950,3176,524,187528,Striker,,,61.0,24.0,13.0,25.0,25.0,98.0,5.0,59.0,29.0,27.0,54.0,96.0,89.0,84.0,,,,98.0,55.0,0.0,29.0,29.0,24.0,68.0,59.0,90.0,86
Nikola Milenkovi?,424241,3176,524,187528,Right Centre Back,,,97.0,10.0,97.0,86.0,83.0,51.0,78.0,7.0,7.0,72.0,29.0,14.0,6.0,26.0,,,,60.0,0.0,0.0,81.0,26.0,71.0,23.0,16.0,25.0,88
Marco Benassi,22380,3176,524,187528,Right Centre Midfielder,Right Back,,,,,,,,,,,,,,,,,,,,,0.0,0.0,0.0,0.0,0.0,0.0,0.0,
Riccardo Saponara,21025,3176,524,187528,Left Wing Forward,Left Winger,,35.0,95.0,40.0,21.0,4.0,60.0,49.0,80.0,77.0,29.0,81.0,72.0,93.0,72.0,,,,60.0,8.0,0.0,30.0,68.0,49.0,74.0,82.0,74.0,85
Aleksa Terzi?,405985,3176,524,187528,Left Back,,,,,,,,,,,,,,,,,,,,,,0.0,0.0,0.0,0.0,0.0,0.0,0.0,
Youssef Maleh,460224,3176,524,187528,Left Centre Midfielder,Right Centre Midfielder,,46.0,47.0,47.0,54.0,21.0,74.0,38.0,58.0,83.0,36.0,46.0,54.0,61.0,72.0,,,,60.0,0.0,0.0,40.0,65.0,49.0,58.0,57.0,62.0,70
Michele Cerofolini,490626,3176,524,187528,,,,,,,,,,,,,,,,,,,,,,,0.0,0.0,0.0,0.0,0.0,0.0,0.0,
Matija Nastasi?,20932,3176,524,187528,Left Centre Back,Centre Back,,,,,,,,,,,,,,,,,,,,,0.0,0.0,0.0,0.0,0.0,0.0,0.0,
Nicolás Iván González,444669,3176,524,187528,Right Wing Forward,Left Wing Forward,,74.0,96.0,40.0,37.0,7.0,80.0,25.0,86.0,66.0,31.0,62.0,43.0,93.0,99.0,,,,98.0,9.0,0.0,38.0,60.0,50.0,74.0,73.0,73.0,91
Patrick Cutrone,351010,3178,524,187528,Striker,,,20.0,19.0,5.0,15.0,14.0,86.0,4.0,40.0,39.0,15.0,70.0,50.0,77.0,44.0,,,,60.0,0.0,0.0,14.0,30.0,14.0,48.0,53.0,67.0,65
Federico Di Francesco,259292,3178,524,187528,Striker,Attacking Midfielder,,11.0,62.0,13.0,27.0,13.0,82.0,17.0,69.0,48.0,28.0,50.0,90.0,76.0,77.0,,,,60.0,11.0,0.0,21.0,45.0,30.0,72.0,64.0,78.0,79
Andrea Pinamonti,405608,3178,524,187528,Striker,,,52.0,13.0,2.0,0.0,25.0,92.0,2.0,52.0,37.0,9.0,70.0,63.0,82.0,70.0,,,,99.0,43.0,0.0,17.0,28.0,12.0,56.0,56.0,76.0,75
Lorenzo Tonelli,21006,3178,524,187528,Right Centre Back,Left Centre Back,,88.0,29.0,73.0,50.0,88.0,30.0,91.0,12.0,12.0,63.0,8.0,15.0,15.0,93.0,,,,60.0,0.0,0.0,71.0,30.0,64.0,26.0,18.0,23.0,87
Guglielmo Vicario,326998,3178,524,187528,Goalkeeper,,,,,,,,,,,,,,,,,84.0,92.0,80.0,,,85.0,0.0,0.0,0.0,0.0,0.0,0.0,85
Samir Ujkani,21547,3178,524,187528,,,,,,,,,,,,,,,,,,,,,,,0.0,0.0,0.0,0.0,0.0,0.0,0.0,
Sebastiano Luperto,272870,3178,524,187528,Left Centre Back,,,62.0,56.0,63.0,81.0,100.0,31.0,65.0,8.0,10.0,97.0,4.0,6.0,4.0,5.0,,,,60.0,0.0,0.0,81.0,35.0,58.0,20.0,13.0,14.0,81
Riccardo Marchizza,347015,3178,524,187528,Left Back,,,34.0,47.0,7.0,55.0,54.0,13.0,52.0,48.0,84.0,35.0,59.0,17.0,12.0,2.0,,,,60.0,67.0,0.0,41.0,66.0,32.0,34.0,44.0,18.0,61
Ardian Ismajli,435395,3178,524,187528,Right Centre Back,,,91.0,55.0,78.0,68.0,93.0,25.0,74.0,3.0,9.0,76.0,0.0,12.0,5.0,40.0,,,,60.0,0.0,0.0,79.0,31.0,64.0,20.0,14.0,16.0,82
Liam Henderson,232041,3178,524,187528,Attacking Midfielder,Left Centre Midfielder,Right Centre Midfielder,34.0,20.0,4.0,14.0,25.0,52.0,40.0,84.0,71.0,11.0,37.0,40.0,60.0,39.0,,,,60.0,79.0,0.0,20.0,54.0,24.0,58.0,47.0,51.0,61
Jacopo Furlan,20992,3178,524,187528,,,,,,,,,,,,,,,,,,,,,,,0.0,0.0,0.0,0.0,0.0,0.0,0.0,
Simone Romagnoli,21373,3178,524,187528,Right Centre Back,,,92.0,28.0,60.0,51.0,100.0,45.0,72.0,13.0,0.0,71.0,1.0,67.0,3.0,4.0,,,,60.0,0.0,0.0,73.0,23.0,51.0,34.0,16.0,36.0,80
Alberto Brignoli,21415,3178,524,187528,,,,,,,,,,,,,,,,,,,,,,,0.0,0.0,0.0,0.0,0.0,0.0,0.0,
Riccardo Fiamozzi,21619,3178,524,187528,Right Back,Left Back,,,,,,,,,,,,,,,,,,,,,0.0,0.0,0.0,0.0,0.0,0.0,0.0,
Andrea La Mantia,21987,3178,524,187528,Striker,,,,,,,,,,,,,,,,,,,,,,0.0,0.0,0.0,0.0,0.0,0.0,0.0,
Leo tulac,85366,3178,524,187528,Defensive Midfielder,,,23.0,11.0,72.0,60.0,40.0,10.0,81.0,56.0,12.0,55.0,33.0,75.0,0.0,78.0,,,,60.0,85.0,0.0,50.0,30.0,64.0,48.0,32.0,31.0,73
Leonardo Mancuso,215871,3178,524,187528,Striker,,,,,,,,,,,,,,,,,,,,,,0.0,0.0,0.0,0.0,0.0,0.0,0.0,
Nicolas Haas,342075,3178,524,187528,Right Centre Midfielder,,,6.0,27.0,43.0,78.0,70.0,21.0,70.0,62.0,44.0,74.0,32.0,16.0,23.0,47.0,,,,60.0,9.0,0.0,57.0,52.0,54.0,41.0,32.0,23.0,71
Giovanni Crociata,368642,3178,524,187528,Attacking Midfielder,,,,,,,,,,,,,,,,,,,,,,0.0,0.0,0.0,0.0,0.0,0.0,0.0,
Filippo Bandinelli,391243,3178,524,187528,Left Centre Midfielder,,,24.0,69.0,20.0,57.0,59.0,55.0,45.0,80.0,95.0,46.0,57.0,45.0,51.0,32.0,,,,60.0,30.0,0.0,45.0,78.0,42.0,63.0,62.0,51.0,72
Nedim Bajrami,405065,3178,524,187528,Attacking Midfielder,Striker,,0.0,87.0,20.0,45.0,14.0,55.0,31.0,93.0,71.0,33.0,54.0,59.0,71.0,19.0,,,,99.0,88.0,0.0,27.0,64.0,39.0,71.0,66.0,60.0,76
Szymon ?urkowski,483254,3178,524,187528,Right Centre Midfielder,Left Centre Midfielder,,38.0,88.0,39.0,79.0,50.0,64.0,32.0,51.0,27.0,69.0,66.0,82.0,54.0,88.0,,,,60.0,0.0,0.0,57.0,43.0,53.0,64.0,64.0,66.0,81
Samuele Ricci,531696,3178,524,187528,Defensive Midfielder,Right Centre Midfielder,Left Centre Midfielder,25.0,38.0,87.0,76.0,47.0,24.0,80.0,25.0,16.0,86.0,56.0,38.0,1.0,93.0,,,,60.0,45.0,0.0,64.0,37.0,73.0,35.0,36.0,25.0,84
Fabiano Parisi,544075,3178,524,187528,Left Back,,,34.0,92.0,20.0,63.0,74.0,39.0,62.0,57.0,41.0,76.0,55.0,7.0,16.0,73.0,,,,60.0,8.0,0.0,61.0,55.0,49.0,48.0,47.0,26.0,76
Mattia Viti,630503,3178,524,187528,Left Centre Back,Right Centre Back,,61.0,24.0,62.0,48.0,95.0,26.0,55.0,2.0,0.0,60.0,48.0,11.0,3.0,27.0,,,,60.0,0.0,0.0,62.0,18.0,47.0,16.0,21.0,16.0,67
Simone Canestrelli,548399,3178,524,187528,,,,,,,,,,,,,,,,,,,,,,,0.0,0.0,0.0,0.0,0.0,0.0,0.0,
Kristjan Asllani,588819,3178,524,187528,Defensive Midfielder,,,39.0,13.0,61.0,24.0,55.0,17.0,76.0,35.0,16.0,36.0,43.0,48.0,2.0,71.0,,,,60.0,76.0,0.0,42.0,27.0,50.0,36.0,30.0,26.0,62
Emmanuel Ekong,591131,3178,524,187528,,,,,,,,,,,,,,,,,,,,,,,0.0,0.0,0.0,0.0,0.0,0.0,0.0,
Tommaso Baldanzi,630686,3178,524,187528,Striker,,,,,,,,,,,,,,,,,,,,,,0.0,0.0,0.0,0.0,0.0,0.0,0.0,
Petar Stojanovi?,170618,3178,524,187528,Right Back,,,20.0,93.0,24.0,72.0,69.0,13.0,77.0,77.0,85.0,79.0,55.0,37.0,21.0,23.0,,,,60.0,46.0,0.0,61.0,83.0,54.0,56.0,58.0,27.0,82
Etrit Berisha,50849,3185,524,187528,Goalkeeper,,,,,,,,,,,,,,,,,75.0,60.0,99.0,,,78.0,0.0,0.0,0.0,0.0,0.0,0.0,78
Jacopo Segre,400265,3185,524,187528,,,,,,,,,,,,,,,,,,,,,,,0.0,0.0,0.0,0.0,0.0,0.0,0.0,
Tomás Eduardo Rincón Hernández,14903,3185,524,187528,Defensive Midfielder,Left Centre Midfielder,Right Centre Midfielder,62.0,30.0,73.0,55.0,46.0,10.0,67.0,20.0,63.0,60.0,55.0,19.0,9.0,91.0,,,,60.0,0.0,0.0,57.0,56.0,60.0,25.0,39.0,18.0,71
Ricardo Iván Rodríguez Araya,14922,3185,524,187528,Left Centre Back (3 at the back),,,73.0,78.0,78.0,68.0,67.0,3.0,69.0,34.0,40.0,48.0,33.0,16.0,1.0,10.0,,,,60.0,82.0,0.0,65.0,47.0,67.0,30.0,32.0,11.0,73
Simone Verdi,21123,3185,524,187528,Right Winger,Striker,Attacking Midfielder,6.0,87.0,26.0,53.0,0.0,68.0,44.0,72.0,82.0,46.0,81.0,96.0,63.0,86.0,,,,97.0,96.0,0.0,32.0,72.0,47.0,76.0,81.0,74.0,86
Andrea Belotti,21234,3185,524,187528,Striker,,,59.0,44.0,16.0,21.0,26.0,87.0,5.0,42.0,58.0,13.0,69.0,71.0,91.0,96.0,,,,100.0,59.0,0.0,26.0,42.0,25.0,57.0,66.0,80.0,83
Daniele Baselli,21507,3185,524,187528,Left Centre Midfielder,Left Winger,Attacking Midfielder,,,,,,,,,,,,,,,,,,,,0.0,0.0,0.0,0.0,0.0,0.0,0.0,
Simone Zaza,22202,3185,524,187528,Striker,Attacking Midfielder,,,,,,,,,,,,,,,,,,,,,0.0,0.0,0.0,0.0,0.0,0.0,0.0,
Armando Izzo,22883,3185,524,187528,Right Centre Back (3 at the back),,,,,,,,,,,,,,,,,,,,,,0.0,0.0,0.0,0.0,0.0,0.0,0.0,
Cristian Daniel Ansaldi,101742,3185,524,187528,Left Wingback,,,,,,,,,,,,,,,,,,,,,,0.0,0.0,0.0,0.0,0.0,0.0,0.0,
Karol Linetty,138174,3185,524,187528,Attacking Midfielder,Right Centre Midfielder,Right Wing Forward,15.0,22.0,45.0,19.0,19.0,39.0,17.0,76.0,0.0,15.0,19.0,13.0,60.0,39.0,,,,60.0,59.0,0.0,19.0,13.0,35.0,45.0,27.0,38.0,52
Arnaldo Antonio Sanabria Ayala,225946,3185,524,187528,Striker,,,55.0,15.0,57.0,3.0,22.0,98.0,6.0,37.0,27.0,0.0,56.0,51.0,90.0,68.0,,,,60.0,40.0,0.0,20.0,20.0,32.0,49.0,49.0,76.0,74
Saa Luki?,237269,3185,524,187528,Right Centre Midfielder,,,46.0,78.0,88.0,69.0,43.0,25.0,73.0,60.0,21.0,56.0,59.0,46.0,46.0,64.0,,,,97.0,80.0,0.0,59.0,41.0,76.0,53.0,53.0,42.0,74
Vanja Milinkovi?-Savi?,283062,3185,524,187528,Goalkeeper,,,,,,,,,,,,,,,,,61.0,60.0,69.0,,,63.0,0.0,0.0,0.0,0.0,0.0,0.0,63
Rolando Mandragora,302799,3185,524,187528,Left Centre Midfielder,,,52.0,24.0,70.0,40.0,43.0,39.0,74.0,62.0,80.0,50.0,22.0,9.0,19.0,74.0,,,,60.0,79.0,0.0,50.0,67.0,60.0,44.0,34.0,26.0,72
Mërgim Vojvoda,336439,3185,524,187528,Left Wingback,,,40.0,71.0,31.0,18.0,66.0,51.0,69.0,76.0,98.0,34.0,86.0,3.0,19.0,10.0,,,,60.0,9.0,0.0,42.0,79.0,42.0,53.0,59.0,29.0,80
Gleysson Bremer Silva Nascimento,475319,3185,524,187528,Centre Back,,,85.0,13.0,65.0,77.0,94.0,74.0,46.0,11.0,0.0,80.0,25.0,32.0,19.0,19.0,,,,60.0,0.0,0.0,76.0,21.0,52.0,30.0,18.0,40.0,82
Alessandro Buongiorno,491451,3185,524,187528,Left Centre Back (3 at the back),Centre Back,,92.0,16.0,56.0,84.0,83.0,58.0,48.0,21.0,37.0,81.0,43.0,5.0,8.0,54.0,,,,60.0,0.0,0.0,76.0,43.0,53.0,28.0,26.0,27.0,80
Wilfried Stephane Singo,603143,3185,524,187528,Right Wingback,,,66.0,80.0,35.0,40.0,53.0,57.0,52.0,54.0,77.0,50.0,60.0,53.0,28.0,86.0,,,,60.0,0.0,0.0,52.0,68.0,48.0,58.0,60.0,49.0,74
Marko Pjaca,135810,3185,524,187528,Left Wing Forward,Attacking Midfielder,,36.0,87.0,47.0,26.0,15.0,59.0,28.0,47.0,84.0,36.0,69.0,82.0,76.0,44.0,,,,60.0,10.0,0.0,33.0,67.0,43.0,59.0,74.0,69.0,80
Lévy Koffi Djidji,25523,3185,524,187528,Right Centre Back (3 at the back),,,78.0,25.0,77.0,90.0,75.0,21.0,59.0,1.0,66.0,72.0,39.0,10.0,6.0,7.0,,,,60.0,0.0,0.0,74.0,57.0,60.0,13.0,28.0,15.0,78
Tommaso Pobega,461665,3185,524,187528,Left Centre Midfielder,,,78.0,55.0,59.0,45.0,48.0,67.0,70.0,44.0,40.0,36.0,44.0,63.0,47.0,65.0,,,,60.0,0.0,0.0,53.0,44.0,57.0,56.0,49.0,58.0,69
Nicola Rauti,408804,3185,524,187528,,,,,,,,,,,,,,,,,,,,,,,0.0,0.0,0.0,0.0,0.0,0.0,0.0,
Ben Lhassine Kone,530642,3185,524,187528,Defensive Midfielder,,,,,,,,,,,,,,,,,,,,,,0.0,0.0,0.0,0.0,0.0,0.0,0.0,
Luca Gemello,496670,3185,524,187528,Goalkeeper,,,,,,,,,,,,,,,,,,,,,,0.0,0.0,0.0,0.0,0.0,0.0,0.0,0
David Zima,564673,3185,524,187528,Right Centre Back (3 at the back),Centre Back,,88.0,20.0,69.0,67.0,92.0,31.0,31.0,24.0,0.0,38.0,15.0,10.0,8.0,6.0,,,,60.0,0.0,0.0,62.0,14.0,50.0,22.0,12.0,18.0,71
Dennis Praet,37739,3185,524,187528,Attacking Midfielder,Right Wing Forward,,16.0,50.0,44.0,10.0,10.0,74.0,34.0,91.0,90.0,21.0,62.0,45.0,73.0,43.0,,,,60.0,31.0,0.0,21.0,69.0,40.0,69.0,65.0,63.0,78
Josip Brekalo,284469,3185,524,187528,Attacking Midfielder,Striker,Left Wing Forward,10.0,77.0,22.0,4.0,6.0,61.0,43.0,82.0,78.0,8.0,77.0,88.0,78.0,34.0,,,,60.0,88.0,0.0,15.0,62.0,34.0,74.0,77.0,73.0,81
Magnus Warming,506857,3185,524,187528,Striker,Right Wingback,Attacking Midfielder,,,,,,,,,,,,,,,,,,,,0.0,0.0,0.0,0.0,0.0,0.0,0.0,
Temitayo Olufisayo Olaoluwa Aina,240378,3185,524,187528,Left Wingback,Right Wingback,,55.0,88.0,10.0,52.0,60.0,9.0,50.0,60.0,80.0,66.0,67.0,17.0,16.0,80.0,,,,60.0,0.0,0.0,55.0,74.0,42.0,45.0,57.0,21.0,76
Juan Guilherme Nunes Jesus,20518,3187,524,187528,Left Centre Back,Left Centre Back (3 at the back),,78.0,9.0,87.0,95.0,80.0,46.0,66.0,9.0,8.0,56.0,5.0,47.0,9.0,3.0,,,,60.0,0.0,0.0,72.0,22.0,65.0,27.0,13.0,32.0,81
Kévin Malcuit,144867,3187,524,187528,Right Back,Right Wingback,,,,,,,,,,,,,,,,,,,,,0.0,0.0,0.0,0.0,0.0,0.0,0.0,
Dries Mertens,122,3187,524,187528,Striker,Attacking Midfielder,,5.0,42.0,23.0,12.0,23.0,69.0,29.0,89.0,71.0,4.0,85.0,99.0,92.0,68.0,,,,95.0,67.0,0.0,14.0,54.0,32.0,78.0,79.0,84.0,87
Diego Demme,15937,3187,524,187528,Right Defensive Midfielder,Left Defensive Midfielder,Right Centre Midfielder,,,,,,,,,,,,,,,,,,,,0.0,0.0,0.0,0.0,0.0,0.0,0.0,
Lorenzo Insigne,21385,3187,524,187528,Left Attacking Midfielder,Left Wing Forward,Left Winger,12.0,98.0,57.0,36.0,4.0,59.0,72.0,88.0,76.0,39.0,69.0,38.0,95.0,40.0,,,,98.0,87.0,0.0,35.0,72.0,61.0,70.0,74.0,63.0,86
Mário Rui Silva Duarte,22107,3187,524,187528,Left Back,,,19.0,61.0,71.0,57.0,57.0,35.0,83.0,45.0,61.0,52.0,48.0,3.0,20.0,85.0,,,,60.0,73.0,0.0,53.0,60.0,67.0,40.0,42.0,24.0,72
Giovanni Di Lorenzo,22680,3187,524,187528,Right Back,,,73.0,66.0,84.0,63.0,57.0,42.0,84.0,68.0,56.0,46.0,29.0,26.0,27.0,66.0,,,,60.0,7.0,0.0,63.0,59.0,76.0,55.0,42.0,35.0,75
David Ospina Ramírez,25662,3187,524,187528,Goalkeeper,,,,,,,,,,,,,,,,,84.0,87.0,93.0,,,88.0,0.0,0.0,0.0,0.0,0.0,0.0,88
Kalidou Koulibaly,25726,3187,524,187528,Left Centre Back,,,75.0,41.0,75.0,77.0,90.0,36.0,86.0,25.0,5.0,80.0,48.0,67.0,9.0,15.0,,,,60.0,0.0,0.0,79.0,31.0,66.0,41.0,35.0,38.0,82
Faouzi Ghoulam,25849,3187,524,187528,Left Back,,,,,,,,,,,,,,,,,,,,,,0.0,0.0,0.0,0.0,0.0,0.0,0.0,
Konstantinos Manolas,92966,3187,524,187528,Right Centre Back,,,,,,,,,,,,,,,,,,,,,,0.0,0.0,0.0,0.0,0.0,0.0,0.0,
Piotr Zieli?ski,99902,3187,524,187528,Attacking Midfielder,Left Centre Midfielder,,4.0,63.0,66.0,39.0,19.0,62.0,68.0,83.0,73.0,40.0,27.0,85.0,62.0,70.0,,,,60.0,74.0,0.0,36.0,67.0,62.0,75.0,59.0,67.0,76
Stanislav Lobotka,167641,3187,524,187528,Left Defensive Midfielder,Defensive Midfielder,Left Centre Midfielder,48.0,73.0,93.0,75.0,11.0,10.0,90.0,34.0,6.0,45.0,60.0,48.0,1.0,87.0,,,,60.0,8.0,0.0,54.0,29.0,81.0,42.0,43.0,25.0,84
Matteo Politano,208696,3187,524,187528,Right Attacking Midfielder,Right Wing Forward,Right Winger,17.0,95.0,36.0,48.0,25.0,49.0,37.0,84.0,81.0,35.0,94.0,69.0,94.0,66.0,,,,60.0,75.0,0.0,35.0,70.0,50.0,72.0,87.0,71.0,90
Amir Rrahmani,225472,3187,524,187528,Right Centre Back,,,92.0,14.0,98.0,65.0,81.0,56.0,78.0,1.0,0.0,56.0,43.0,68.0,9.0,34.0,,,,60.0,0.0,0.0,72.0,19.0,68.0,33.0,28.0,43.0,83
Andrea Petagna,246175,3187,524,187528,Striker,,,,,,,,,,,,,,,,,,,,,,0.0,0.0,0.0,0.0,0.0,0.0,0.0,
Alex Meret,286215,3187,524,187528,Goalkeeper,,,,,,,,,,,,,,,,,86.0,84.0,88.0,,,86.0,0.0,0.0,0.0,0.0,0.0,0.0,86
Hirving Rodrigo Lozano Bahena,295156,3187,524,187528,Right Attacking Midfielder,Right Wing Forward,Right Winger,37.0,85.0,27.0,14.0,17.0,86.0,20.0,76.0,77.0,28.0,96.0,72.0,88.0,81.0,,,,60.0,8.0,0.0,27.0,64.0,36.0,75.0,85.0,81.0,87
Fabián Ruiz Peña,346195,3187,524,187528,Left Defensive Midfielder,Right Defensive Midfielder,Defensive Midfielder,21.0,62.0,95.0,81.0,30.0,33.0,96.0,60.0,63.0,70.0,60.0,85.0,45.0,37.0,,,,60.0,0.0,0.0,61.0,67.0,82.0,61.0,61.0,53.0,85
Eljif Elmas,402269,3187,524,187528,Left Attacking Midfielder,Left Centre Midfielder,Left Winger,15.0,91.0,74.0,12.0,34.0,53.0,42.0,57.0,29.0,24.0,80.0,68.0,81.0,72.0,,,,60.0,11.0,0.0,31.0,37.0,55.0,62.0,70.0,66.0,80
Victor James Osimhen,403273,3187,524,187528,Striker,,,61.0,77.0,8.0,5.0,40.0,99.0,3.0,29.0,25.0,6.0,68.0,94.0,86.0,67.0,,,,60.0,0.0,0.0,24.0,25.0,19.0,61.0,67.0,88.0,85
Adam Ounas,300830,3187,524,187528,Attacking Midfielder,Right Attacking Midfielder,Right Winger,,,,,,,,,,,,,,,,,,,,0.0,0.0,0.0,0.0,0.0,0.0,0.0,
Luca Palmiero,257030,3187,524,187528,,,,,,,,,,,,,,,,,,,,,,,0.0,0.0,0.0,0.0,0.0,0.0,0.0,
Davide Marfella,471625,3187,524,187528,Goalkeeper,,,,,,,,,,,,,,,,,,,,,,0.0,0.0,0.0,0.0,0.0,0.0,0.0,0
Gianluca Gaetano,471651,3187,524,187528,Right Centre Midfielder,Attacking Midfielder,,,,,,,,,,,,,,,,,,,,,0.0,0.0,0.0,0.0,0.0,0.0,0.0,
Alessandro Zanoli,475430,3187,524,187528,Right Back,,,,,,,,,,,,,,,,,,,,,,0.0,0.0,0.0,0.0,0.0,0.0,0.0,
Hubert Idasiak,563303,3187,524,187528,,,,,,,,,,,,,,,,,,,,,,,0.0,0.0,0.0,0.0,0.0,0.0,0.0,
André-Frank Zambo Anguissa,366401,3187,524,187528,Right Defensive Midfielder,Right Centre Midfielder,,72.0,67.0,86.0,50.0,48.0,32.0,76.0,34.0,56.0,70.0,55.0,6.0,21.0,53.0,,,,60.0,0.0,0.0,65.0,59.0,69.0,35.0,43.0,24.0,74
Arnór Sigurdsson,376702,3191,524,187528,Attacking Midfielder,Left Wing Forward,Left Winger,,,,,,,,,,,,,,,,,,,,0.0,0.0,0.0,0.0,0.0,0.0,0.0,
Mattia Caldara,288663,3191,524,187528,Right Centre Back,Centre Back,,63.0,13.0,63.0,89.0,96.0,48.0,44.0,4.0,0.0,96.0,7.0,20.0,12.0,30.0,,,,60.0,0.0,0.0,78.0,23.0,52.0,20.0,10.0,26.0,81
Filippo Neri,602436,3191,524,187528,,,,,,,,,,,,,,,,,,,,,,,0.0,0.0,0.0,0.0,0.0,0.0,0.0,
Nicolas Galazzi,589159,3191,524,187528,Right Wingback,,,,,,,,,,,,,,,,,,,,,,0.0,0.0,0.0,0.0,0.0,0.0,0.0,
Niki Mäenpää,71,3191,524,187528,Goalkeeper,,,,,,,,,,,,,,,,,83.0,50.0,96.0,,,76.0,0.0,0.0,0.0,0.0,0.0,0.0,76
Cristian Molinaro,14745,3191,524,187528,Left Back,,,,,,,,,,,,,,,,,,,,,,0.0,0.0,0.0,0.0,0.0,0.0,0.0,
Marco Modolo,22126,3191,524,187528,Left Centre Back,Centre Back,Right Centre Back,,,,,,,,,,,,,,,,,,,,0.0,0.0,0.0,0.0,0.0,0.0,0.0,
Antonio Junior Vacca,23120,3191,524,187528,Defensive Midfielder,Right Centre Midfielder,,22.0,31.0,77.0,69.0,60.0,9.0,84.0,16.0,0.0,74.0,39.0,19.0,0.0,31.0,,,,60.0,0.0,0.0,61.0,25.0,63.0,22.0,21.0,12.0,73
Luca Lezzerini,134414,3191,524,187528,Goalkeeper,,,,,,,,,,,,,,,,,50.0,88.0,100.0,,,79.0,0.0,0.0,0.0,0.0,0.0,0.0,79
Mattia Aramu,134440,3191,524,187528,Attacking Midfielder,Right Wing Forward,Striker,11.0,28.0,5.0,22.0,32.0,53.0,20.0,88.0,72.0,26.0,68.0,70.0,67.0,100.0,,,,97.0,92.0,0.0,21.0,56.0,26.0,68.0,66.0,64.0,80
Jacopo Dezi,143814,3191,524,187528,Right Centre Midfielder,,,,,,,,,,,,,,,,,,,,,,0.0,0.0,0.0,0.0,0.0,0.0,0.0,
Domen ?rnigoj,173285,3191,524,187528,Right Centre Midfielder,Right Winger,,21.0,45.0,22.0,26.0,67.0,35.0,23.0,35.0,63.0,53.0,49.0,71.0,53.0,17.0,,,,60.0,0.0,0.0,40.0,53.0,26.0,42.0,52.0,50.0,61
Francesco Di Mariano,232786,3191,524,187528,Attacking Midfielder,,,,,,,,,,,,,,,,,,,,,,0.0,0.0,0.0,0.0,0.0,0.0,0.0,
Francesco Forte,240944,3191,524,187528,Striker,,,,,,,,,,,,,,,,,,,,,,0.0,0.0,0.0,0.0,0.0,0.0,0.0,
Óttar Magnús Karlsson,262626,3191,524,187528,,,,,,,,,,,,,,,,,,,,,,,0.0,0.0,0.0,0.0,0.0,0.0,0.0,
Pasquale Mazzocchi,295890,3191,524,187528,Right Back,Right Wingback,,39.0,86.0,23.0,38.0,54.0,13.0,36.0,54.0,74.0,60.0,68.0,11.0,3.0,7.0,,,,60.0,73.0,0.0,47.0,67.0,36.0,38.0,50.0,14.0,68
Pietro Ceccaroni,296800,3191,524,187528,Left Centre Back,Left Centre Back (3 at the back),,73.0,34.0,66.0,35.0,98.0,39.0,57.0,8.0,55.0,68.0,9.0,43.0,10.0,36.0,,,,60.0,0.0,0.0,66.0,51.0,49.0,27.0,26.0,30.0,72
Dennis Törset Johnsen,370745,3191,524,187528,Left Winger,Striker,Left Wing Forward,11.0,82.0,13.0,9.0,7.0,57.0,8.0,82.0,72.0,16.0,50.0,38.0,69.0,21.0,,,,60.0,10.0,0.0,14.0,58.0,25.0,61.0,60.0,53.0,72
Luca Fiordilino,392394,3191,524,187528,Defensive Midfielder,Right Centre Midfielder,,,,,,,,,,,,,,,,,,,,,0.0,0.0,0.0,0.0,0.0,0.0,0.0,
Michael Svoboda,436278,3191,524,187528,Right Centre Back,Right Centre Back (3 at the back),Centre Back,63.0,27.0,83.0,88.0,98.0,51.0,55.0,6.0,0.0,92.0,34.0,6.0,12.0,5.0,,,,60.0,0.0,0.0,80.0,25.0,62.0,20.0,17.0,23.0,85
Bjarki Steinn Bjarkason,527577,3191,524,187528,Right Winger,,,,,,,,,,,,,,,,,,,,,,0.0,0.0,0.0,0.0,0.0,0.0,0.0,
Sofian Kiyine,485013,3191,524,187528,Left Centre Midfielder,Left Winger,Attacking Midfielder,50.0,96.0,51.0,54.0,24.0,43.0,51.0,78.0,88.0,36.0,93.0,44.0,53.0,25.0,,,,70.0,91.0,0.0,45.0,75.0,57.0,63.0,76.0,49.0,82
Bruno Oliveira Bertinato,363978,3191,524,187528,,,,,,,,,,,,,,,,,,,,,,,0.0,0.0,0.0,0.0,0.0,0.0,0.0,
David Chidozie Okereke,427754,3191,524,187528,Striker,Left Wing Forward,Attacking Midfielder,35.0,79.0,18.0,8.0,38.0,77.0,6.0,51.0,64.0,21.0,71.0,89.0,77.0,61.0,,,,60.0,0.0,0.0,25.0,51.0,25.0,64.0,73.0,77.0,79
Daan Heymans,444390,3191,524,187528,Left Centre Midfielder,Striker,,,,,,,,,,,,,,,,,,,,,0.0,0.0,0.0,0.0,0.0,0.0,0.0,
Thomas Henry,231238,3191,524,187528,Striker,,,76.0,20.0,23.0,6.0,34.0,91.0,4.0,53.0,33.0,4.0,31.0,92.0,71.0,90.0,,,,60.0,0.0,0.0,24.0,26.0,24.0,63.0,49.0,81.0,84
Ridgeciano Haps,221037,3191,524,187528,Left Back,Left Back (5 at the back),Left Wingback,48.0,44.0,15.0,54.0,74.0,28.0,25.0,16.0,57.0,78.0,67.0,39.0,3.0,86.0,,,,60.0,9.0,0.0,56.0,53.0,31.0,30.0,46.0,27.0,72
Tyronne Ebuehi,332821,3191,524,187528,Right Back,Left Back,,57.0,77.0,40.0,42.0,58.0,18.0,24.0,37.0,93.0,74.0,53.0,16.0,19.0,5.0,,,,60.0,0.0,0.0,56.0,77.0,39.0,31.0,49.0,21.0,72
David Schnegg,556036,3191,524,187528,Left Back,Left Back (5 at the back),,,,,,,,,,,,,,,,,,,,,0.0,0.0,0.0,0.0,0.0,0.0,0.0,
Dor Peretz,137965,3191,524,187528,Left Centre Midfielder,Right Centre Midfielder,,,,,,,,,,,,,,,,,,,,,0.0,0.0,0.0,0.0,0.0,0.0,0.0,
Ethan Ampadu,423162,3191,524,187528,Defensive Midfielder,Right Centre Midfielder,Right Centre Back (3 at the back),88.0,42.0,39.0,73.0,90.0,12.0,69.0,29.0,71.0,75.0,44.0,12.0,8.0,47.0,,,,60.0,18.0,0.0,74.0,65.0,52.0,27.0,37.0,16.0,79
Sergio Germán Romero,20606,3191,524,187528,Goalkeeper,,,,,,,,,,,,,,,,,100.0,67.0,88.0,,,85.0,0.0,0.0,0.0,0.0,0.0,0.0,85
Gianluca Busio,520741,3191,524,187528,Left Centre Midfielder,Right Centre Midfielder,,65.0,40.0,77.0,63.0,71.0,26.0,48.0,46.0,16.0,62.0,43.0,39.0,32.0,32.0,,,,60.0,81.0,0.0,63.0,32.0,60.0,40.0,36.0,34.0,68
Tanner Tessmann,540981,3191,524,187528,Left Centre Midfielder,Defensive Midfielder,Right Centre Midfielder,,,,,,,,,,,,,,,,,,,,0.0,0.0,0.0,0.0,0.0,0.0,0.0,
Stefan Strandberg,54371,3192,524,187528,Right Centre Back,Centre Back,Left Centre Back,91.0,31.0,86.0,82.0,95.0,39.0,77.0,25.0,19.0,90.0,4.0,12.0,16.0,2.0,,,,60.0,66.0,0.0,86.0,39.0,68.0,28.0,15.0,23.0,89
Luca Ranieri,523086,3192,524,187528,Left Back,Left Wingback,,48.0,53.0,30.0,35.0,71.0,34.0,50.0,32.0,89.0,48.0,31.0,38.0,34.0,10.0,,,,60.0,7.0,0.0,49.0,70.0,36.0,36.0,43.0,35.0,62
Riccardo Gagliolo,220377,3192,524,187528,Left Centre Back (3 at the back),Left Centre Back,,59.0,22.0,45.0,86.0,91.0,40.0,65.0,18.0,75.0,92.0,8.0,8.0,11.0,42.0,,,,60.0,42.0,0.0,76.0,67.0,52.0,24.0,23.0,21.0,82
Edoardo Vergani,535739,3192,524,187528,Striker,Right Winger,Right Wingback,,,,,,,,,,,,,,,,,,,,0.0,0.0,0.0,0.0,0.0,0.0,0.0,
Matteo Ruggeri,590721,3192,524,187528,Left Back,Left Wingback,Left Centre Back (3 at the back),,,,,,,,,,,,,,,,,,,,0.0,0.0,0.0,0.0,0.0,0.0,0.0,
Franck Ribéry,14726,3192,524,187528,Attacking Midfielder,Striker,Left Winger,4.0,98.0,61.0,29.0,0.0,53.0,39.0,95.0,54.0,16.0,68.0,5.0,68.0,89.0,,,,60.0,84.0,0.0,23.0,53.0,58.0,65.0,64.0,46.0,84
Federico Bonazzoli,239298,3192,524,187528,Striker,,,21.0,31.0,35.0,26.0,5.0,92.0,20.0,59.0,27.0,21.0,24.0,82.0,79.0,98.0,,,,97.0,67.0,0.0,21.0,29.0,36.0,66.0,48.0,79.0,82
Simeon Tochukwu Nwankwo,72397,3192,524,187528,Striker,,,55.0,5.0,24.0,10.0,40.0,91.0,2.0,39.0,0.0,4.0,42.0,34.0,77.0,56.0,,,,60.0,0.0,0.0,22.0,5.0,19.0,43.0,35.0,64.0,64
Joel Chukwuma Obi,20525,3192,524,187528,Left Centre Midfielder,Right Centre Midfielder,Attacking Midfielder,60.0,25.0,44.0,46.0,47.0,62.0,11.0,57.0,47.0,52.0,68.0,4.0,55.0,70.0,,,,60.0,31.0,0.0,46.0,44.0,39.0,42.0,47.0,44.0,63
Grigoris Kastanos,281887,3192,524,187528,Left Centre Midfielder,,,59.0,51.0,19.0,51.0,40.0,48.0,37.0,61.0,54.0,35.0,67.0,37.0,58.0,90.0,,,,60.0,83.0,0.0,42.0,49.0,40.0,53.0,58.0,51.0,67
Vincenzo Fiorillo,20605,3192,524,187528,Goalkeeper,,,,,,,,,,,,,,,,,,,,,,0.0,0.0,0.0,0.0,0.0,0.0,0.0,0
Ramzi Aya,21574,3192,524,187528,Right Centre Back (3 at the back),Right Back,,,,,,,,,,,,,,,,,,,,,0.0,0.0,0.0,0.0,0.0,0.0,0.0,
Francesco Di Tacchio,21854,3192,524,187528,Defensive Midfielder,Left Centre Midfielder,,56.0,1.0,49.0,54.0,69.0,5.0,53.0,19.0,9.0,60.0,23.0,19.0,4.0,73.0,,,,60.0,59.0,0.0,56.0,22.0,45.0,19.0,16.0,13.0,62
Vid Belec,22552,3192,524,187528,Goalkeeper,,,,,,,,,,,,,,,,,57.0,52.0,56.0,,,55.0,0.0,0.0,0.0,0.0,0.0,0.0,55
Milan ?uri?,22575,3192,524,187528,Striker,,,100.0,2.0,6.0,31.0,44.0,90.0,2.0,47.0,6.0,22.0,31.0,42.0,75.0,70.0,,,,94.0,0.0,0.0,37.0,12.0,19.0,48.0,34.0,67.0,76
Norbert Gyömbér,104937,3192,524,187528,Right Centre Back (3 at the back),Right Centre Back,Centre Back,76.0,7.0,39.0,69.0,95.0,31.0,46.0,16.0,38.0,78.0,3.0,3.0,9.0,15.0,,,,60.0,35.0,0.0,70.0,41.0,40.0,17.0,11.0,16.0,73
Leonardo Capezzi,134429,3192,524,187528,Left Centre Midfielder,Defensive Midfielder,Right Centre Midfielder,,,,,,,,,,,,,,,,,,,,0.0,0.0,0.0,0.0,0.0,0.0,0.0,
Frédéric Veseli,134954,3192,524,187528,Right Centre Back (3 at the back),Right Back,Left Centre Back (3 at the back),,,,,,,,,,,,,,,,,,,,0.0,0.0,0.0,0.0,0.0,0.0,0.0,
Andrea Schiavone,208697,3192,524,187528,Right Centre Midfielder,Defensive Midfielder,Left Centre Midfielder,,,,,,,,,,,,,,,,,,,,0.0,0.0,0.0,0.0,0.0,0.0,0.0,
Guido Guerrieri,241675,3192,524,187528,,,,,,,,,,,,,,,,,,,,,,,0.0,0.0,0.0,0.0,0.0,0.0,0.0,
Pawe? Jaroszy?ski,269188,3192,524,187528,Left Back (5 at the back),Left Centre Back (3 at the back),Left Centre Back,,,,,,,,,,,,,,,,,,,,0.0,0.0,0.0,0.0,0.0,0.0,0.0,
Julian Kristoffersen,279705,3192,524,187528,Striker,,,,,,,,,,,,,,,,,,,,,,0.0,0.0,0.0,0.0,0.0,0.0,0.0,
Luka Bogdan,335718,3192,524,187528,Centre Back,Left Centre Back (3 at the back),Left Centre Back,,,,,,,,,,,,,,,,,,,,0.0,0.0,0.0,0.0,0.0,0.0,0.0,
Cedric Gondo,388921,3192,524,187528,Striker,,,,,,,,,,,,,,,,,,,,,,0.0,0.0,0.0,0.0,0.0,0.0,0.0,
Mamadou Coulibaly,498015,3192,524,187528,Right Centre Midfielder,,,46.0,50.0,45.0,37.0,13.0,59.0,49.0,24.0,34.0,76.0,39.0,78.0,16.0,49.0,,,,60.0,0.0,0.0,47.0,44.0,43.0,47.0,42.0,49.0,62
Nadir Zortea,477270,3192,524,187528,Right Back,Left Wingback,Right Back (5 at the back),12.0,66.0,12.0,59.0,44.0,30.0,30.0,63.0,90.0,52.0,81.0,45.0,39.0,3.0,,,,60.0,12.0,0.0,40.0,73.0,33.0,49.0,64.0,39.0,72
Carmine Iannone,551298,3192,524,187528,,,,,,,,,,,,,,,,,,,,,,,0.0,0.0,0.0,0.0,0.0,0.0,0.0,
Filippo Delli Carri,485099,3192,524,187528,Right Centre Back (3 at the back),Right Back (5 at the back),Right Back,,,,,,,,,,,,,,,,,,,,0.0,0.0,0.0,0.0,0.0,0.0,0.0,
Antonio Russo,573170,3192,524,187528,,,,,,,,,,,,,,,,,,,,,,,0.0,0.0,0.0,0.0,0.0,0.0,0.0,
Jacopo De Matteis,602993,3192,524,187528,,,,,,,,,,,,,,,,,,,,,,,0.0,0.0,0.0,0.0,0.0,0.0,0.0,
Lassana Coulibaly,366760,3192,524,187528,Right Centre Midfielder,Left Centre Midfielder,,38.0,46.0,68.0,61.0,50.0,14.0,35.0,23.0,45.0,53.0,41.0,10.0,2.0,84.0,,,,60.0,0.0,0.0,51.0,44.0,55.0,24.0,33.0,14.0,63
Wajdi Kechrida,443309,3192,524,187528,Right Wingback,Right Back,Right Back (5 at the back),2.0,49.0,12.0,19.0,37.0,23.0,47.0,58.0,84.0,20.0,26.0,16.0,48.0,0.0,,,,60.0,12.0,0.0,23.0,63.0,27.0,38.0,41.0,29.0,57
Aleksander Buksa,608650,3193,524,187528,Striker,Right Winger,Left Wing Forward,,,,,,,,,,,,,,,,,,,,0.0,0.0,0.0,0.0,0.0,0.0,0.0,
Laurens Serpe,545361,3193,524,187528,Right Centre Back (3 at the back),,,,,,,,,,,,,,,,,,,,,,0.0,0.0,0.0,0.0,0.0,0.0,0.0,
Hernani Azevedo Júnior,134797,3193,524,187528,Left Centre Midfielder,Right Centre Midfielder,Attacking Midfielder,,,,,,,,,,,,,,,,,,,,0.0,0.0,0.0,0.0,0.0,0.0,0.0,
Mattia Bani,215869,3193,524,187528,Right Centre Back,Centre Back,,99.0,1.0,45.0,67.0,96.0,47.0,42.0,5.0,0.0,75.0,1.0,7.0,18.0,66.0,,,,60.0,0.0,0.0,73.0,18.0,43.0,18.0,7.0,26.0,81
Felipe Salvador Caicedo Corozo,101635,3193,524,187528,Striker,,,,,,,,,,,,,,,,,,,,,,0.0,0.0,0.0,0.0,0.0,0.0,0.0,
Mohamed Salim Fares,328336,3193,524,187528,Left Back,Left Attacking Midfielder,Left Wingback,,,,,,,,,,,,,,,,,,,,0.0,0.0,0.0,0.0,0.0,0.0,0.0,
Salvatore Sirigu,25421,3193,524,187528,Goalkeeper,,,,,,,,,,,,,,,,,72.0,67.0,65.0,,,68.0,0.0,0.0,0.0,0.0,0.0,0.0,68
Nikola Maksimovi?,127524,3193,524,187528,Right Centre Back,Left Centre Back,Centre Back,90.0,17.0,83.0,59.0,88.0,14.0,54.0,15.0,24.0,73.0,11.0,16.0,7.0,29.0,,,,60.0,0.0,0.0,73.0,34.0,58.0,18.0,15.0,15.0,79
Federico Marchetti,20541,3193,524,187528,,,,,,,,,,,,,,,,,,,,,,,0.0,0.0,0.0,0.0,0.0,0.0,0.0,
Mattia Destro,20796,3193,524,187528,Striker,,,49.0,16.0,8.0,23.0,19.0,93.0,3.0,25.0,18.0,29.0,24.0,95.0,75.0,65.0,,,,60.0,0.0,0.0,25.0,19.0,16.0,51.0,42.0,80.0,75
Andrea Masiello,20841,3193,524,187528,Centre Back,Right Centre Back,Right Centre Back (3 at the back),,,,,,,,,,,,,,,,,,,,0.0,0.0,0.0,0.0,0.0,0.0,0.0,
Valon Behrami,20938,3193,524,187528,Right Centre Midfielder,Defensive Midfielder,Right Defensive Midfielder,,,,,,,,,,,,,,,,,,,,0.0,0.0,0.0,0.0,0.0,0.0,0.0,
Goran Pandev,21177,3193,524,187528,Striker,Attacking Midfielder,,22.0,18.0,9.0,16.0,22.0,63.0,12.0,57.0,36.0,18.0,54.0,8.0,82.0,100.0,,,,60.0,0.0,0.0,18.0,31.0,21.0,44.0,46.0,52.0,71
Milan Badelj,69400,3193,524,187528,Defensive Midfielder,Left Defensive Midfielder,Left Centre Midfielder,53.0,20.0,33.0,80.0,49.0,21.0,76.0,38.0,56.0,94.0,43.0,30.0,7.0,21.0,,,,60.0,0.0,0.0,67.0,60.0,49.0,33.0,33.0,22.0,72
Domenico Criscito,101554,3193,524,187528,Left Back,Left Centre Back (3 at the back),Left Centre Back,70.0,39.0,35.0,50.0,85.0,0.0,80.0,57.0,67.0,56.0,37.0,20.0,2.0,73.0,,,,99.0,57.0,0.0,62.0,63.0,51.0,38.0,37.0,14.0,75
Davide Biraschi,206318,3193,524,187528,Right Centre Back (3 at the back),Right Centre Back,Right Back,86.0,48.0,45.0,89.0,87.0,9.0,72.0,40.0,65.0,54.0,56.0,20.0,1.0,49.0,,,,60.0,0.0,0.0,72.0,60.0,59.0,33.0,41.0,17.0,80
Filippo Melegoni,351009,3193,524,187528,Right Attacking Midfielder,Left Winger,Attacking Midfielder,6.0,75.0,13.0,21.0,24.0,35.0,23.0,73.0,92.0,28.0,75.0,53.0,58.0,71.0,,,,60.0,80.0,0.0,23.0,71.0,31.0,59.0,71.0,50.0,77
Paolo Ghiglione,359508,3193,524,187528,Right Back (5 at the back),Right Back,,,,,,,,,,,,,,,,,,,,,0.0,0.0,0.0,0.0,0.0,0.0,0.0,
Manolo Portanova,496673,3193,524,187528,Left Attacking Midfielder,Left Centre Midfielder,Left Winger,30.0,74.0,0.0,50.0,49.0,81.0,8.0,30.0,25.0,40.0,70.0,28.0,60.0,67.0,,,,60.0,78.0,0.0,37.0,31.0,25.0,45.0,53.0,55.0,70
Nicolò Rovella,567230,3193,524,187528,Left Centre Midfielder,,,9.0,68.0,53.0,49.0,32.0,24.0,59.0,63.0,58.0,51.0,67.0,13.0,29.0,68.0,,,,60.0,100.0,0.0,42.0,58.0,56.0,46.0,52.0,27.0,65
Stefano Sturaro,21290,3193,524,187528,Right Centre Midfielder,Right Defensive Midfielder,,67.0,27.0,6.0,73.0,34.0,38.0,25.0,28.0,40.0,69.0,17.0,7.0,15.0,81.0,,,,60.0,48.0,0.0,52.0,42.0,31.0,27.0,24.0,23.0,66
Andrea Favilli,357377,3193,524,187528,Right Wing Forward,,,,,,,,,,,,,,,,,,,,,,0.0,0.0,0.0,0.0,0.0,0.0,0.0,
Lorenzo Andrenacci,279998,3193,524,187528,,,,,,,,,,,,,,,,,,,,,,,0.0,0.0,0.0,0.0,0.0,0.0,0.0,
Adrian emper,352088,3193,524,187528,Goalkeeper,,,,,,,,,,,,,,,,,,,,,,0.0,0.0,0.0,0.0,0.0,0.0,0.0,0
Stefano Sabelli,134478,3193,524,187528,Right Wingback,Right Back (5 at the back),,,,,,,,,,,,,,,,,,,,,0.0,0.0,0.0,0.0,0.0,0.0,0.0,
Andrea Cambiaso,409322,3193,524,187528,Left Back (5 at the back),Right Back,Left Wingback,23.0,87.0,35.0,66.0,58.0,26.0,39.0,57.0,64.0,90.0,75.0,41.0,52.0,27.0,,,,60.0,45.0,0.0,59.0,68.0,48.0,49.0,63.0,41.0,76
Flavio Bianchi,504804,3193,524,187528,Striker,Left Wing Forward,,,,,,,,,,,,,,,,,,,,,0.0,0.0,0.0,0.0,0.0,0.0,0.0,
Yayah Kallon,587925,3193,524,187528,Right Attacking Midfielder,Striker,Right Winger,,,,,,,,,,,,,,,,,,,,0.0,0.0,0.0,0.0,0.0,0.0,0.0,
Steeve-Mike Eboa Ebongue Eyango,630514,3193,524,187528,,,,,,,,,,,,,,,,,,,,,,,0.0,0.0,0.0,0.0,0.0,0.0,0.0,
Zinho Vanheusden,399493,3193,524,187528,Right Centre Back (3 at the back),Left Centre Back,Right Centre Back,89.0,40.0,68.0,66.0,98.0,22.0,42.0,17.0,50.0,81.0,21.0,15.0,10.0,38.0,,,,60.0,0.0,0.0,76.0,51.0,54.0,22.0,26.0,19.0,80
Abdoulaye Touré,217874,3193,524,187528,Right Centre Midfielder,Left Defensive Midfielder,,,,,,,,,,,,,,,,,,,,,0.0,0.0,0.0,0.0,0.0,0.0,0.0,
Caleb Ekuban,251188,3193,524,187528,Striker,Right Attacking Midfielder,,49.0,48.0,15.0,24.0,34.0,69.0,7.0,63.0,32.0,24.0,45.0,22.0,74.0,70.0,,,,60.0,0.0,0.0,29.0,33.0,26.0,51.0,47.0,55.0,65
Johan Felipe Vásquez Ibarra,511944,3193,524,187528,Left Back,Left Centre Back (3 at the back),Left Centre Back,67.0,8.0,25.0,91.0,82.0,27.0,61.0,8.0,35.0,93.0,42.0,37.0,13.0,41.0,,,,60.0,36.0,0.0,74.0,43.0,42.0,22.0,28.0,27.0,79
Pablo Ignacio Galdames Millán,259938,3193,524,187528,Right Defensive Midfielder,Right Centre Midfielder,Attacking Midfielder,12.0,3.0,34.0,35.0,43.0,21.0,53.0,58.0,74.0,42.0,32.0,17.0,21.0,42.0,,,,60.0,63.0,0.0,34.0,58.0,37.0,36.0,32.0,22.0,54
Boko utalo,582178,3194,524,187528,Left Centre Back (3 at the back),Right Centre Back (3 at the back),Right Wingback,65.0,44.0,40.0,89.0,87.0,26.0,32.0,10.0,41.0,98.0,24.0,15.0,7.0,31.0,,,,60.0,0.0,0.0,76.0,48.0,45.0,20.0,25.0,18.0,77
Giovanni Pablo Simeone,269152,3194,524,187528,Striker,,,39.0,53.0,20.0,23.0,24.0,96.0,3.0,57.0,44.0,32.0,38.0,100.0,84.0,75.0,,,,70.0,7.0,0.0,28.0,40.0,27.0,70.0,60.0,87.0,82
Marco Davide Faraoni,20516,3194,524,187528,Right Wingback,,,51.0,21.0,10.0,55.0,57.0,59.0,63.0,70.0,95.0,71.0,32.0,70.0,25.0,51.0,,,,60.0,0.0,0.0,54.0,79.0,38.0,61.0,48.0,51.0,74
Alessandro Berardi,20539,3194,524,187528,Goalkeeper,,,,,,,,,,,,,,,,,,,,,,0.0,0.0,0.0,0.0,0.0,0.0,0.0,0
Miguel Luís Pinto Veloso,21288,3194,524,187528,Left Centre Midfielder,Right Centre Midfielder,,57.0,42.0,57.0,48.0,55.0,15.0,91.0,68.0,70.0,63.0,47.0,16.0,4.0,10.0,,,,60.0,100.0,0.0,59.0,68.0,59.0,44.0,39.0,17.0,70
Federico Ceccherini,21528,3194,524,187528,Left Centre Back (3 at the back),Right Centre Back (3 at the back),,73.0,26.0,53.0,74.0,70.0,56.0,63.0,20.0,15.0,56.0,26.0,20.0,20.0,37.0,,,,60.0,0.0,0.0,64.0,28.0,53.0,31.0,23.0,33.0,67
Daniel Sartori Bessa,22381,3194,524,187528,Right Centre Midfielder,Attacking Midfielder,,57.0,76.0,46.0,35.0,48.0,25.0,77.0,65.0,61.0,79.0,76.0,59.0,49.0,59.0,,,,60.0,61.0,0.0,59.0,67.0,55.0,58.0,66.0,47.0,75
Adrien  Tamèze,28230,3194,524,187528,Right Centre Midfielder,,,59.0,56.0,44.0,82.0,51.0,26.0,63.0,52.0,59.0,88.0,55.0,72.0,22.0,48.0,,,,60.0,0.0,0.0,68.0,64.0,57.0,52.0,53.0,42.0,73
Nikola Kalini?,105376,3194,524,187528,Striker,,,,,,,,,,,,,,,,,,,,,,0.0,0.0,0.0,0.0,0.0,0.0,0.0,
Darko Lazovi?,127534,3194,524,187528,Left Wingback,,,28.0,79.0,6.0,24.0,42.0,51.0,64.0,89.0,90.0,44.0,51.0,17.0,34.0,5.0,,,,60.0,47.0,0.0,37.0,78.0,35.0,61.0,54.0,36.0,75
Koray Günter,134375,3194,524,187528,Centre Back,,,90.0,21.0,56.0,77.0,91.0,26.0,72.0,1.0,0.0,82.0,3.0,6.0,4.0,18.0,,,,60.0,0.0,0.0,78.0,23.0,53.0,14.0,6.0,14.0,82
Mattia Zaccagni,246633,3194,524,187528,Left Wing Forward,Left Winger,,45.0,91.0,55.0,46.0,14.0,72.0,19.0,78.0,50.0,44.0,89.0,78.0,94.0,98.0,,,,94.0,55.0,0.0,40.0,52.0,54.0,76.0,82.0,81.0,90
Pawe? Dawidowicz,247996,3194,524,187528,Right Centre Back (3 at the back),Centre Back,,70.0,42.0,78.0,91.0,91.0,22.0,55.0,17.0,5.0,78.0,44.0,13.0,16.0,43.0,,,,60.0,0.0,0.0,78.0,27.0,65.0,23.0,27.0,20.0,82
Giangiacomo Magnani,262369,3194,524,187528,Centre Back,Right Centre Back (3 at the back),Left Centre Back (3 at the back),93.0,24.0,58.0,96.0,88.0,38.0,61.0,0.0,13.0,87.0,4.0,13.0,8.0,53.0,,,,60.0,0.0,0.0,82.0,31.0,57.0,18.0,12.0,21.0,85
Antonín Barák,265172,3194,524,187528,Attacking Midfielder,Right Wing Forward,,49.0,69.0,55.0,15.0,40.0,80.0,43.0,73.0,36.0,18.0,71.0,79.0,72.0,19.0,,,,100.0,56.0,0.0,34.0,40.0,46.0,71.0,65.0,74.0,75
Kevin Rüegg,328191,3194,524,187528,,,,,,,,,,,,,,,,,,,,,,,0.0,0.0,0.0,0.0,0.0,0.0,0.0,
Kevin Lasagna,333913,3194,524,187528,Striker,Attacking Midfielder,Right Wing Forward,41.0,67.0,31.0,30.0,9.0,83.0,7.0,65.0,70.0,22.0,44.0,44.0,73.0,23.0,,,,60.0,0.0,0.0,26.0,55.0,33.0,59.0,56.0,64.0,72
Y?ld?r?m Mert Çetin,461391,3194,524,187528,Right Wingback,,,,,,,,,,,,,,,,,,,,,,0.0,0.0,0.0,0.0,0.0,0.0,0.0,
Ivan Ili?,481266,3194,524,187528,Left Centre Midfielder,Right Centre Midfielder,,70.0,47.0,49.0,38.0,66.0,36.0,62.0,31.0,42.0,48.0,25.0,28.0,14.0,54.0,,,,60.0,79.0,0.0,54.0,44.0,48.0,36.0,31.0,28.0,60
Ivor Pandur,484413,3194,524,187528,Goalkeeper,,,,,,,,,,,,,,,,,,,,,,0.0,0.0,0.0,0.0,0.0,0.0,0.0,0
Samuel Di Carmine,21520,3194,524,187528,Striker,,,,,,,,,,,,,,,,,,,,,,0.0,0.0,0.0,0.0,0.0,0.0,0.0,
Gianluca Caprari,21376,3194,524,187528,Attacking Midfielder,Striker,Left Wing Forward,5.0,86.0,44.0,26.0,6.0,62.0,35.0,93.0,73.0,28.0,56.0,92.0,85.0,91.0,,,,96.0,87.0,0.0,24.0,64.0,49.0,82.0,77.0,77.0,89
Lorenzo Montipò,226220,3194,524,187528,Goalkeeper,,,,,,,,,,,,,,,,,90.0,50.0,66.0,,,69.0,0.0,0.0,0.0,0.0,0.0,0.0,69
Antonino Ragusa,22699,3194,524,187528,,,,,,,,,,,,,,,,,,,,,,,0.0,0.0,0.0,0.0,0.0,0.0,0.0,
Nicolò Casale,485151,3194,524,187528,Left Centre Back (3 at the back),Right Centre Back (3 at the back),Centre Back,75.0,41.0,51.0,70.0,77.0,18.0,52.0,31.0,44.0,70.0,30.0,7.0,7.0,34.0,,,,60.0,0.0,0.0,68.0,48.0,51.0,26.0,27.0,15.0,69
Gianluca Frabotta,489124,3194,524,187528,Left Back,Striker,,,,,,,,,,,,,,,,,,,,,0.0,0.0,0.0,0.0,0.0,0.0,0.0,
Matteo Cancellieri,601307,3194,524,187528,Right Winger,Right Wingback,Attacking Midfielder,,,,,,,,,,,,,,,,,,,,0.0,0.0,0.0,0.0,0.0,0.0,0.0,
Diego Coppola,637472,3194,524,187528,Centre Back,Right Centre Back (3 at the back),,,,,,,,,,,,,,,,,,,,,0.0,0.0,0.0,0.0,0.0,0.0,0.0,
Martin Hongla,453270,3194,524,187528,Right Centre Midfielder,Left Centre Midfielder,,,,,,,,,,,,,,,,,,,,,0.0,0.0,0.0,0.0,0.0,0.0,0.0,
Samuel Mráz,282203,3205,524,187528,Striker,,,,,,,,,,,,,,,,,,,,,,0.0,0.0,0.0,0.0,0.0,0.0,0.0,
Rey Manaj,339210,3205,524,187528,Striker,,,59.0,54.0,42.0,8.0,14.0,71.0,9.0,38.0,16.0,5.0,37.0,49.0,78.0,90.0,,,,96.0,66.0,0.0,22.0,19.0,33.0,49.0,47.0,64.0,70
Dennis Deloriè,628733,3205,524,187528,,,,,,,,,,,,,,,,,,,,,,,0.0,0.0,0.0,0.0,0.0,0.0,0.0,
Viktor Kovalenko,241566,3205,524,187528,Right Defensive Midfielder,Right Centre Midfielder,,34.0,20.0,37.0,29.0,45.0,13.0,43.0,56.0,36.0,21.0,23.0,50.0,47.0,57.0,,,,60.0,68.0,0.0,32.0,34.0,38.0,41.0,36.0,37.0,51
Eddy Anthony Salcedo Mora,520774,3205,524,187528,Attacking Midfielder,Right Winger,Right Attacking Midfielder,,,,,,,,,,,,,,,,,,,,0.0,0.0,0.0,0.0,0.0,0.0,0.0,
Ebrima Colley,559712,3205,524,187528,Left Wing Forward,Right Attacking Midfielder,Right Wing Forward,,,,,,,,,,,,,,,,,,,,0.0,0.0,0.0,0.0,0.0,0.0,0.0,
Arkadiusz Reca,212219,3205,524,187528,Left Back,Left Back (5 at the back),Left Wingback,39.0,78.0,11.0,49.0,60.0,16.0,42.0,54.0,65.0,66.0,38.0,11.0,5.0,21.0,,,,60.0,0.0,0.0,51.0,63.0,35.0,38.0,39.0,15.0,65
Jeroen Zoet,337,3205,524,187528,Goalkeeper,,,,,,,,,,,,,,,,,90.0,76.0,50.0,,,72.0,0.0,0.0,0.0,0.0,0.0,0.0,72
Jacopo Sala,14904,3205,524,187528,Defensive Midfielder,Left Defensive Midfielder,Right Centre Midfielder,59.0,19.0,82.0,70.0,26.0,14.0,63.0,19.0,56.0,70.0,26.0,58.0,4.0,59.0,,,,60.0,47.0,0.0,59.0,52.0,63.0,30.0,32.0,27.0,69
Ivan Provedel,251187,3205,524,187528,Goalkeeper,,,,,,,,,,,,,,,,,90.0,62.0,75.0,,,76.0,0.0,0.0,0.0,0.0,0.0,0.0,76
Simone Bastoni,297755,3205,524,187528,Left Back,Left Centre Midfielder,,73.0,71.0,16.0,51.0,60.0,37.0,64.0,70.0,87.0,51.0,62.0,67.0,16.0,62.0,,,,60.0,59.0,0.0,55.0,75.0,45.0,62.0,62.0,44.0,74
M'Bala Nzola,299172,3205,524,187528,Striker,,,33.0,58.0,70.0,6.0,28.0,81.0,4.0,62.0,6.0,8.0,50.0,57.0,72.0,15.0,,,,60.0,0.0,0.0,23.0,16.0,40.0,59.0,48.0,66.0,69
Emmanuel Quartsin Gyasi,300374,3205,524,187528,Left Attacking Midfielder,Left Winger,Right Winger,18.0,37.0,59.0,52.0,33.0,75.0,10.0,33.0,23.0,45.0,64.0,72.0,71.0,65.0,,,,60.0,0.0,0.0,37.0,28.0,44.0,50.0,54.0,69.0,69
Daniele Verde,343925,3205,524,187528,Right Attacking Midfielder,Left Attacking Midfielder,Left Winger,19.0,63.0,41.0,7.0,13.0,63.0,42.0,92.0,89.0,28.0,79.0,90.0,72.0,39.0,,,,93.0,95.0,0.0,24.0,72.0,41.0,78.0,78.0,73.0,84
Martin Erli?,364637,3205,524,187528,Right Centre Back,Centre Back,,72.0,3.0,52.0,66.0,97.0,46.0,36.0,5.0,9.0,81.0,3.0,49.0,9.0,28.0,,,,60.0,0.0,0.0,70.0,24.0,42.0,24.0,13.0,33.0,74
Luca Vignali,392402,3205,524,187528,Right Wingback,Right Back,Left Wingback,,,,,,,,,,,,,,,,,,,,0.0,0.0,0.0,0.0,0.0,0.0,0.0,
Giulio Maggiore,441701,3205,524,187528,Right Centre Midfielder,Attacking Midfielder,,31.0,45.0,21.0,30.0,33.0,50.0,49.0,47.0,20.0,39.0,23.0,32.0,51.0,89.0,,,,60.0,0.0,0.0,35.0,31.0,36.0,46.0,36.0,44.0,57
Kevin Andrés Agudelo Ardila,495777,3205,524,187528,Attacking Midfielder,Striker,,33.0,82.0,22.0,43.0,9.0,55.0,25.0,48.0,27.0,25.0,51.0,77.0,64.0,66.0,,,,60.0,33.0,0.0,29.0,33.0,37.0,58.0,58.0,63.0,69
Salvador Ferrer Canals,588115,3205,524,187528,Right Back,Left Back,Right Defensive Midfielder,65.0,45.0,40.0,66.0,82.0,18.0,57.0,62.0,90.0,59.0,33.0,12.0,1.0,21.0,,,,60.0,31.0,0.0,63.0,75.0,50.0,39.0,37.0,15.0,73
Mehdi Bourabia,190380,3205,524,187528,Defensive Midfielder,Left Defensive Midfielder,,,,,,,,,,,,,,,,,,,,,0.0,0.0,0.0,0.0,0.0,0.0,0.0,
Dimitrios Nikolaou,283902,3205,524,187528,Left Centre Back,Left Centre Back (3 at the back),,36.0,36.0,50.0,73.0,92.0,7.0,60.0,11.0,22.0,70.0,42.0,20.0,1.0,22.0,,,,60.0,0.0,0.0,64.0,34.0,49.0,18.0,26.0,12.0,69
Petko Hristov,372079,3205,524,187528,Right Centre Back,Right Centre Back (3 at the back),,83.0,5.0,75.0,54.0,94.0,20.0,53.0,6.0,0.0,60.0,8.0,52.0,2.0,62.0,,,,60.0,0.0,0.0,67.0,17.0,54.0,23.0,14.0,26.0,75
Petar Zovko,588738,3205,524,187528,Goalkeeper,,,,,,,,,,,,,,,,,,,,,,0.0,0.0,0.0,0.0,0.0,0.0,0.0,0
Suf Podgoreanu,536667,3205,524,187528,Left Winger,Left Attacking Midfielder,Right Attacking Midfielder,,,,,,,,,,,,,,,,,,,,0.0,0.0,0.0,0.0,0.0,0.0,0.0,
Nicolò Bertola,632937,3205,524,187528,Attacking Midfielder,Right Defensive Midfielder,Right Centre Back,,,,,,,,,,,,,,,,,,,,0.0,0.0,0.0,0.0,0.0,0.0,0.0,
Dávid Strelec,541249,3205,524,187528,Right Attacking Midfielder,Right Winger,Left Attacking Midfielder,,,,,,,,,,,,,,,,,,,,0.0,0.0,0.0,0.0,0.0,0.0,0.0,
Kelvin Amian Adou,352986,3205,524,187528,Right Back,Right Centre Back (3 at the back),,58.0,29.0,29.0,57.0,77.0,55.0,32.0,35.0,29.0,42.0,34.0,17.0,17.0,16.0,,,,60.0,9.0,0.0,51.0,32.0,35.0,34.0,27.0,30.0,58
Janis Antiste,590664,3205,524,187528,Striker,Right Winger,Right Attacking Midfielder,50.0,71.0,11.0,42.0,28.0,73.0,3.0,41.0,60.0,16.0,22.0,48.0,79.0,21.0,,,,60.0,0.0,0.0,29.0,46.0,25.0,48.0,48.0,62.0,67
Aurélien Nguiamba,404225,3205,524,187528,Left Defensive Midfielder,Right Defensive Midfielder,,,,,,,,,,,,,,,,,,,,,0.0,0.0,0.0,0.0,0.0,0.0,0.0,
Jakub Kiwior,482177,3205,524,187528,Defensive Midfielder,Left Defensive Midfielder,Right Defensive Midfielder,65.0,2.0,29.0,57.0,82.0,22.0,29.0,18.0,16.0,84.0,45.0,10.0,6.0,6.0,,,,60.0,0.0,0.0,63.0,28.0,30.0,16.0,20.0,16.0,67
Aimar Sher,582319,3205,524,187528,Defensive Midfielder,Right Centre Midfielder,,,,,,,,,,,,,,,,,,,,,0.0,0.0,0.0,0.0,0.0,0.0,0.0,
Gioele  Zacchi,626332,3315,524,187528,,,,,,,,,,,,,,,,,,,,,,,0.0,0.0,0.0,0.0,0.0,0.0,0.0,
Samuele Vitale,635291,3315,524,187528,,,,,,,,,,,,,,,,,,,,,,,0.0,0.0,0.0,0.0,0.0,0.0,0.0,
Luigi Samele,659110,3315,524,187528,Striker,,,,,,,,,,,,,,,,,,,,,,0.0,0.0,0.0,0.0,0.0,0.0,0.0,
Edoardo Goldaniga,246059,3315,524,187528,Right Centre Back (3 at the back),Centre Back,,84.0,8.0,21.0,70.0,71.0,53.0,53.0,9.0,28.0,71.0,16.0,8.0,7.0,61.0,,,,60.0,0.0,0.0,64.0,35.0,37.0,22.0,16.0,25.0,71
Gianluca Scamacca,347024,3315,524,187528,Striker,,,77.0,26.0,32.0,17.0,31.0,95.0,8.0,51.0,41.0,9.0,57.0,100.0,91.0,26.0,,,,94.0,60.0,0.0,29.0,32.0,26.0,63.0,60.0,89.0,84
Filip ?uri?i?,174,3315,524,187528,Attacking Midfielder,Right Attacking Midfielder,Left Attacking Midfielder,,,,,,,,,,,,,,,,,,,,0.0,0.0,0.0,0.0,0.0,0.0,0.0,
Gianluca Pegolo,20771,3315,524,187528,Goalkeeper,,,,,,,,,,,,,,,,,,,,,,0.0,0.0,0.0,0.0,0.0,0.0,0.0,0
Andrea Consigli,20832,3315,524,187528,Goalkeeper,,,,,,,,,,,,,,,,,74.0,78.0,66.0,,,73.0,0.0,0.0,0.0,0.0,0.0,0.0,73
Federico Peluso,20842,3315,524,187528,Left Centre Back,Left Centre Back (3 at the back),,,,,,,,,,,,,,,,,,,,,0.0,0.0,0.0,0.0,0.0,0.0,0.0,
Francesco Caputo,21657,3315,524,187528,Striker,,,28.0,25.0,31.0,0.0,6.0,96.0,2.0,60.0,35.0,3.0,34.0,78.0,85.0,63.0,,,,70.0,0.0,0.0,11.0,28.0,24.0,63.0,50.0,81.0,76
Francesco Magnanelli,22162,3315,524,187528,Defensive Midfielder,Right Defensive Midfielder,,,,,,,,,,,,,,,,,,,,,0.0,0.0,0.0,0.0,0.0,0.0,0.0,
Gianmarco Ferrari,22270,3315,524,187528,Left Centre Back,,,92.0,9.0,97.0,70.0,81.0,41.0,90.0,23.0,7.0,86.0,9.0,18.0,13.0,54.0,,,,60.0,0.0,0.0,81.0,31.0,73.0,29.0,14.0,26.0,89
Gregoire  Defrel,23149,3315,524,187528,Striker,Right Attacking Midfielder,,26.0,62.0,60.0,34.0,25.0,86.0,7.0,62.0,8.0,19.0,54.0,39.0,83.0,47.0,,,,60.0,11.0,0.0,28.0,20.0,44.0,58.0,51.0,66.0,71
Vlad Iulian Chiriche?,83575,3315,524,187528,Right Centre Back,,,50.0,10.0,96.0,57.0,89.0,25.0,44.0,1.0,0.0,81.0,31.0,6.0,2.0,19.0,,,,60.0,0.0,0.0,68.0,20.0,57.0,11.0,13.0,13.0,75
Kaan Ayhan,134373,3315,524,187528,Right Centre Back,Left Centre Back,,64.0,46.0,91.0,66.0,94.0,29.0,91.0,17.0,0.0,63.0,6.0,49.0,2.0,3.0,,,,60.0,53.0,0.0,73.0,25.0,70.0,32.0,17.0,26.0,81
Jeremy Toljan,149389,3315,524,187528,Right Back,,,54.0,65.0,65.0,46.0,66.0,9.0,43.0,64.0,60.0,70.0,18.0,18.0,49.0,16.0,,,,60.0,0.0,0.0,59.0,61.0,54.0,40.0,39.0,27.0,66
Domenico Berardi,209400,3315,524,187528,Right Attacking Midfielder,Right Wing Forward,Right Winger,51.0,80.0,42.0,19.0,32.0,68.0,66.0,94.0,72.0,42.0,79.0,81.0,92.0,95.0,,,,100.0,88.0,0.0,42.0,69.0,54.0,83.0,82.0,80.0,88
Jeremie Boga,227756,3315,524,187528,Left Attacking Midfielder,Striker,,30.0,100.0,52.0,29.0,8.0,54.0,28.0,89.0,37.0,40.0,83.0,6.0,97.0,70.0,,,,60.0,36.0,0.0,33.0,47.0,52.0,62.0,69.0,55.0,88
Luká Haraslín,262365,3315,524,187528,,,,,,,,,,,,,,,,,,,,,,,0.0,0.0,0.0,0.0,0.0,0.0,0.0,
Georgios Kyriakopoulos,272673,3315,524,187528,Left Back,Left Attacking Midfielder,,41.0,87.0,58.0,43.0,61.0,26.0,65.0,64.0,81.0,63.0,76.0,11.0,51.0,73.0,,,,60.0,48.0,0.0,56.0,75.0,60.0,49.0,64.0,34.0,76
Maxime López,280115,3315,524,187528,Left Defensive Midfielder,Defensive Midfielder,,32.0,68.0,97.0,60.0,25.0,23.0,98.0,39.0,51.0,73.0,43.0,50.0,8.0,46.0,,,,60.0,9.0,0.0,59.0,60.0,78.0,45.0,44.0,29.0,79
Rogério Oliveira da Silva,403449,3315,524,187528,Left Back,,,27.0,79.0,62.0,66.0,62.0,19.0,63.0,69.0,67.0,87.0,82.0,12.0,15.0,81.0,,,,60.0,58.0,0.0,64.0,72.0,66.0,49.0,58.0,23.0,80
Mert Müldür,425915,3315,524,187528,Right Back,,,16.0,82.0,29.0,68.0,66.0,10.0,68.0,54.0,56.0,53.0,37.0,13.0,42.0,27.0,,,,60.0,0.0,0.0,52.0,59.0,50.0,40.0,44.0,24.0,68
Giacomo Raspadori,481332,3315,524,187528,Attacking Midfielder,Left Wing Forward,Left Winger,9.0,44.0,45.0,20.0,15.0,85.0,19.0,58.0,26.0,19.0,70.0,86.0,83.0,51.0,,,,60.0,77.0,0.0,20.0,29.0,36.0,65.0,62.0,80.0,76
Hamed Junior Traoré,518165,3315,524,187528,Left Attacking Midfielder,Left Centre Midfielder,Left Winger,20.0,95.0,45.0,26.0,28.0,74.0,48.0,75.0,39.0,30.0,74.0,91.0,82.0,69.0,,,,60.0,61.0,0.0,33.0,47.0,50.0,78.0,75.0,80.0,83
Brian Safo Oddei,596320,3315,524,187528,Right Attacking Midfielder,Right Winger,,,,,,,,,,,,,,,,,,,,,0.0,0.0,0.0,0.0,0.0,0.0,0.0,
Davide Frattesi,423151,3315,524,187528,Right Defensive Midfielder,Right Centre Midfielder,,37.0,82.0,63.0,47.0,59.0,64.0,45.0,61.0,19.0,75.0,52.0,43.0,31.0,85.0,,,,60.0,0.0,0.0,57.0,41.0,59.0,60.0,49.0,48.0,74
Giacomo Satalino,419489,3315,524,187528,Goalkeeper,,,,,,,,,,,,,,,,,,,,,,0.0,0.0,0.0,0.0,0.0,0.0,0.0,0
Abdou Harroui,450972,3315,524,187528,Right Defensive Midfielder,Right Centre Midfielder,,,,,,,,,,,,,,,,,,,,,0.0,0.0,0.0,0.0,0.0,0.0,0.0,
Matheus Henrique De Souza,370335,3315,524,187528,Left Centre Midfielder,Left Defensive Midfielder,,26.0,53.0,92.0,29.0,32.0,8.0,76.0,48.0,63.0,26.0,81.0,18.0,11.0,53.0,,,,60.0,54.0,0.0,39.0,55.0,66.0,37.0,51.0,18.0,73
